# S_vals   V_full,   V_ht,   V_zero
0.0000000000e+00 0.0000000000e+00 0.0000000000e+00 0.0000000000e+00
5.0050050050e-03 1.5518970006e-08 1.6216953259e-08 -1.4544386767e-11
1.0010010010e-02 6.2539889610e-08 6.3444125803e-08 -2.0572678243e-10
1.5015015015e-02 1.3896280944e-07 1.3944659909e-07 -9.6158391571e-10
2.0020020020e-02 2.4153482572e-07 2.4186295178e-07 -2.8598940254e-09
2.5025025025e-02 3.6827920506e-07 3.6821554292e-07 -6.6428382872e-09
3.0030030030e-02 5.1583526260e-07 5.1592298648e-07 -1.3199686778e-08
3.5035035035e-02 6.8230331420e-07 6.8231351042e-07 -2.3553538547e-08
4.0040040040e-02 8.6462673946e-07 8.6463810615e-07 -3.8850552511e-08
4.5045045045e-02 1.0601696635e-06 1.0600827033e-06 -6.0350872769e-08
5.0050050050e-02 1.2659141841e-06 1.2657789392e-06 -8.9420783945e-08
5.5055055055e-02 1.4788770030e-06 1.4788133641e-06 -1.2752580113e-07
6.0060060060e-02 1.6963795669e-06 1.6962351097e-06 -1.7622449449e-07
6.5065065065e-02 1.9152907601e-06 1.9150621560e-06 -2.3716290673e-07
7.0070070070e-02 2.1325199211e-06 2.1322863779e-06 -3.1206945933e-07
7.5075075075e-02 2.3452526448e-06 2.3448775642e-06 -4.0275026852e-07
8.0080080080e-02 2.5503185942e-06 2.5497865856e-06 -5.1108480986e-07
8.5085085085e-02 2.7446245393e-06 2.7439478673e-06 -6.3902188317e-07
9.0090090090e-02 2.9252070426e-06 2.9242812925e-06 -7.8857583859e-07
9.5095095095e-02 3.0888679425e-06 3.0876936384e-06 -9.6182303221e-07
1.0010010010e-01 3.2326195564e-06 3.2310796209e-06 -1.1608984847e-06
1.0510510511e-01 3.3532320343e-06 3.3513226001e-06 -1.3879927212e-06
1.1011011011e-01 3.4477812125e-06 3.4452949790e-06 -1.6453487732e-06
1.1511511512e-01 3.5130488793e-06 3.5098583012e-06 -1.9352593276e-06
1.2012012012e-01 3.5459204704e-06 3.5418630289e-06 -2.2600640083e-06
1.2512512513e-01 3.5431392067e-06 3.5381479411e-06 -2.6221467782e-06
1.3013013013e-01 3.5017437228e-06 3.4955390324e-06 -3.0239334535e-06
1.3513513514e-01 3.4185527274e-06 3.4108476874e-06 -3.4678893176e-06
1.4014014014e-01 3.2904797067e-06 3.2808676913e-06 -3.9565168306e-06
1.4514514515e-01 3.1140053608e-06 3.1023701853e-06 -4.4923534238e-06
1.5015015015e-01 2.8864963151e-06 2.8720945237e-06 -5.0779693756e-06
1.5515515516e-01 2.6044186139e-06 2.5867295705e-06 -5.7159657613e-06
1.6016016016e-01 2.2641279911e-06 2.2428662464e-06 -6.4089724726e-06
1.6516516517e-01 1.8621985540e-06 1.8367970975e-06 -7.1596463028e-06
1.7017017017e-01 1.3945473596e-06 1.3642507435e-06 -7.9706690915e-06
1.7517517518e-01 8.6035832919e-07 8.2444051425e-07 -8.8447459277e-06
1.8018018018e-01 2.5683282593e-07 2.1444315566e-07 -9.7846034060e-06
1.8518518519e-01 -4.1881164687e-07 -4.6890127880e-07 -1.0792987933e-05
1.9019019019e-01 -1.1702306549e-06 -1.2287565210e-06 -1.1872664083e-05
1.9519519520e-01 -2.0000232937e-06 -2.0682900912e-06 -1.3026412996e-05
2.0020020020e-01 -2.9113390121e-06 -2.9906733139e-06 -1.4257030821e-05
2.0520520521e-01 -3.9073157139e-06 -3.9990813488e-06 -1.5567327200e-05
2.1021021021e-01 -4.9908334966e-06 -5.0966932373e-06 -1.6960123788e-05
2.1521521522e-01 -6.1650060250e-06 -6.2866919675e-06 -1.8438252809e-05
2.2022022022e-01 -7.4327239956e-06 -7.5722645627e-06 -2.0004555653e-05
2.2522522523e-01 -8.7970516725e-06 -8.9566021985e-06 -2.1661881498e-05
2.3023023023e-01 -1.0261011869e-05 -1.0442900356e-05 -2.3413085969e-05
2.3523523524e-01 -1.1827857083e-05 -1.2034359029e-05 -2.5261029825e-05
2.4024024024e-01 -1.3500398430e-05 -1.3734182991e-05 -2.7208577676e-05
2.4524524525e-01 -1.5280895788e-05 -1.5545582178e-05 -2.9258596727e-05
2.5025025025e-01 -1.7173605268e-05 -1.7471772204e-05 -3.1413955545e-05
2.5525525526e-01 -1.9190647681e-05 -1.9515975122e-05 -3.3677522862e-05
2.6026026026e-01 -2.1305387460e-05 -2.1681420568e-05 -3.6052166388e-05
2.6526526527e-01 -2.3549849567e-05 -2.3971347601e-05 -3.8540751658e-05
2.7027027027e-01 -2.5918362363e-05 -2.6389007887e-05 -4.1146140899e-05
2.7527527528e-01 -2.8412981701e-05 -2.8937671920e-05 -4.3871191912e-05
2.8028028028e-01 -3.1037022692e-05 -3.1620643593e-05 -4.6718756989e-05
2.8528528529e-01 -3.3793297909e-05 -3.4441309489e-05 -4.9691681835e-05
2.9029029029e-01 -3.6685142341e-05 -3.7403427888e-05 -5.2792804515e-05
2.9529529530e-01 -3.9714744558e-05 -4.0509491213e-05 -5.6024954427e-05
3.0030030030e-01 -4.2884394273e-05 -4.3762328904e-05 -5.9390951280e-05
3.0530530531e-01 -4.6197156864e-05 -4.7165168408e-05 -6.2893604097e-05
3.1031031031e-01 -4.9655654593e-05 -5.0721240183e-05 -6.6535710236e-05
3.1531531532e-01 -5.3262529286e-05 -5.4433777695e-05 -7.0320054422e-05
3.2032032032e-01 -5.7020569480e-05 -5.8306017419e-05 -7.4249407800e-05
3.2532532533e-01 -6.0932562960e-05 -6.2341198834e-05 -7.8326526998e-05
3.3033033033e-01 -6.5001350590e-05 -6.6542564423e-05 -8.2554153208e-05
3.3533533534e-01 -6.9229345738e-05 -7.0913359672e-05 -8.6935011281e-05
3.4034034034e-01 -7.3619103682e-05 -7.5456833064e-05 -9.1471808837e-05
3.4534534535e-01 -7.8173653277e-05 -8.0176236084e-05 -9.6167235385e-05
3.5035035035e-01 -8.2895196496e-05 -8.5074823213e-05 -1.0102396146e-04
3.5535535536e-01 -8.7786574398e-05 -9.0155851928e-05 -1.0604463775e-04
3.6036036036e-01 -9.2850430716e-05 -9.5422582701e-05 -1.1123189431e-04
3.6536536537e-01 -9.8088546254e-05 -1.0087827900e-04 -1.1658833967e-04
3.7037037037e-01 -1.0350436535e-04 -1.0652620728e-04 -1.2211656006e-04
3.7537537538e-01 -1.0910021630e-04 -1.1236963701e-04 -1.2781911857e-04
3.8038038038e-01 -1.1487778703e-04 -1.1841184061e-04 -1.3369855441e-04
3.8538538539e-01 -1.2084042826e-04 -1.2465609353e-04 -1.3975738206e-04
3.9039039039e-01 -1.2698981537e-04 -1.3110567419e-04 -1.4599809054e-04
3.9539539540e-01 -1.3332910579e-04 -1.3776386401e-04 -1.5242314265e-04
4.0040040040e-01 -1.3986011454e-04 -1.4463394739e-04 -1.5903497419e-04
4.0540540541e-01 -1.4658555095e-04 -1.5171921172e-04 -1.6583599321e-04
4.1041041041e-01 -1.5350725624e-04 -1.5902294738e-04 -1.7282857933e-04
4.1541541542e-01 -1.6062810131e-04 -1.6654844775e-04 -1.8001508296e-04
4.2042042042e-01 -1.6794833710e-04 -1.7429900917e-04 -1.8739782458e-04
4.2542542543e-01 -1.7547303992e-04 -1.8227793099e-04 -1.9497909410e-04
4.3043043043e-01 -1.8320296120e-04 -1.9048851553e-04 -2.0276115007e-04
4.3543543544e-01 -1.9114026825e-04 -1.9893406811e-04 -2.1074621906e-04
4.4044044044e-01 -1.9928641740e-04 -2.0761789702e-04 -2.1893649495e-04
4.4544544545e-01 -2.0764482925e-04 -2.1654331356e-04 -2.2733413823e-04
4.5045045045e-01 -2.1621753516e-04 -2.2571363200e-04 -2.3594127539e-04
4.5545545546e-01 -2.2500457021e-04 -2.3513216957e-04 -2.4475999821e-04
4.6046046046e-01 -2.3400934611e-04 -2.4480224654e-04 -2.5379236312e-04
4.6546546547e-01 -2.4323408192e-04 -2.5472718611e-04 -2.6304039058e-04
4.7047047047e-01 -2.5268009546e-04 -2.6491031450e-04 -2.7250606441e-04
4.7547547548e-01 -2.6234898719e-04 -2.7535496090e-04 -2.8219133116e-04
4.8048048048e-01 -2.7224378157e-04 -2.8606445749e-04 -2.9209809952e-04
4.8548548549e-01 -2.8236475687e-04 -2.9704213941e-04 -3.0222823967e-04
4.9049049049e-01 -2.9271461090e-04 -3.0829134482e-04 -3.1258358266e-04
4.9549549550e-01 -3.0329454204e-04 -3.1981541484e-04 -3.2316591983e-04
5.0050050050e-01 -3.1410635800e-04 -3.3161769358e-04 -3.3397700223e-04
5.0550550551e-01 -3.2515187286e-04 -3.4370152812e-04 -3.4501853995e-04
5.1051051051e-01 -3.3643254559e-04 -3.5607026855e-04 -3.5629220162e-04
5.1551551552e-01 -3.4794995902e-04 -3.6872726791e-04 -3.6779961379e-04
5.2052052052e-01 -3.5970509561e-04 -3.8167588225e-04 -3.7954236034e-04
5.2552552553e-01 -3.7170013165e-04 -3.9491947059e-04 -3.9152198193e-04
5.3053053053e-01 -3.8393630884e-04 -4.0846139494e-04 -4.0373997544e-04
5.3553553554e-01 -3.9641470325e-04 -4.2230502027e-04 -4.1619779340e-04
5.4054054054e-01 -4.0913669922e-04 -4.3645371456e-04 -4.2889684345e-04
5.4554554555e-01 -4.2210420191e-04 -4.5091084876e-04 -4.4183848776e-04
5.5055055055e-01 -4.3531714636e-04 -4.6567979679e-04 -4.5502404253e-04
5.5555555556e-01 -4.4877806955e-04 -4.8076393558e-04 -4.6845477742e-04
5.6056056056e-01 -4.6248718811e-04 -4.9616664502e-04 -4.8213191503e-04
5.6556556557e-01 -4.7644649896e-04 -5.1189130798e-04 -4.9605663037e-04
5.7057057057e-01 -4.9065572040e-04 -5.2794131032e-04 -5.1023005032e-04
5.7557557558e-01 -5.0511710066e-04 -5.4432004089e-04 -5.2465325316e-04
5.8058058058e-01 -5.1983097465e-04 -5.6103089151e-04 -5.3932726799e-04
5.8558558559e-01 -5.3479865481e-04 -5.7807725697e-04 -5.5425307426e-04
5.9059059059e-01 -5.5002037087e-04 -5.9546253507e-04 -5.6943160126e-04
5.9559559560e-01 -5.6549746861e-04 -6.1319012657e-04 -5.8486372762e-04
6.0060060060e-01 -5.8123026089e-04 -6.3126343522e-04 -6.0055028079e-04
6.0560560561e-01 -5.9721999012e-04 -6.4968586775e-04 -6.1649203658e-04
6.1061061061e-01 -6.1346661376e-04 -6.6846083387e-04 -6.3268971865e-04
6.1561561562e-01 -6.2997123811e-04 -6.8759174626e-04 -6.4914399803e-04
6.2062062062e-01 -6.4673421650e-04 -7.0708202060e-04 -6.6585549265e-04
6.2562562563e-01 -6.6375668592e-04 -7.2693507555e-04 -6.8282476685e-04
6.3063063063e-01 -6.8103809910e-04 -7.4715433274e-04 -7.0005233091e-04
6.3563563564e-01 -6.9857876760e-04 -7.6774321678e-04 -7.1753864057e-04
6.4064064064e-01 -7.1638036632e-04 -7.8870515527e-04 -7.3528409661e-04
6.4564564565e-01 -7.3444179685e-04 -8.1004357879e-04 -7.5328904432e-04
6.5065065065e-01 -7.5276407081e-04 -8.3176192090e-04 -7.7155377309e-04
6.5565565566e-01 -7.7134699391e-04 -8.5386361813e-04 -7.9007851596e-04
6.6066066066e-01 -7.9019056940e-04 -8.7635211000e-04 -8.0886344913e-04
6.6566566567e-01 -8.0929547626e-04 -8.9923083902e-04 -8.2790869154e-04
6.7067067067e-01 -8.2866053450e-04 -9.2250325067e-04 -8.4721430443e-04
6.7567567568e-01 -8.4828666020e-04 -9.4617279340e-04 -8.6678029087e-04
6.8068068068e-01 -8.6817394552e-04 -9.7024291867e-04 -8.8660659537e-04
6.8568568569e-01 -8.8832185480e-04 -9.9471708090e-04 -9.0669310340e-04
6.9069069069e-01 -9.0872979427e-04 -1.0195987375e-03 -9.2703964099e-04
6.9569569570e-01 -9.2939766392e-04 -1.0448913488e-03 -9.4764597426e-04
7.0070070070e-01 -9.5032523694e-04 -1.0705983783e-03 -9.6851180906e-04
7.0570570571e-01 -9.7151214929e-04 -1.0967232922e-03 -9.8963679050e-04
7.1071071071e-01 -9.9295785692e-04 -1.1232695599e-03 -1.0110205025e-03
7.1571571572e-01 -1.0146621245e-03 -1.1502406537e-03 -1.0326624676e-03
7.2072072072e-01 -1.0366236347e-03 -1.1776400488e-03 -1.0545621461e-03
7.2572572573e-01 -1.0588415119e-03 -1.2054712237e-03 -1.0767189360e-03
7.3073073073e-01 -1.0813167875e-03 -1.2337376594e-03 -1.0991321727e-03
7.3573573574e-01 -1.1040471999e-03 -1.2624428402e-03 -1.1218011282e-03
7.4074074074e-01 -1.1270319128e-03 -1.2915902534e-03 -1.1447250109e-03
7.4574574575e-01 -1.1502712181e-03 -1.3211833892e-03 -1.1679029654e-03
7.5075075075e-01 -1.1737621901e-03 -1.3512257406e-03 -1.1913340717e-03
7.5575575576e-01 -1.1975053621e-03 -1.3817208039e-03 -1.2150173451e-03
7.6076076076e-01 -1.2214991110e-03 -1.4126720782e-03 -1.2389517358e-03
7.6576576577e-01 -1.2457422079e-03 -1.4440830656e-03 -1.2631361282e-03
7.7077077077e-01 -1.2702341627e-03 -1.4759572712e-03 -1.2875693411e-03
7.7577577578e-01 -1.2949728513e-03 -1.5082982031e-03 -1.3122501266e-03
7.8078078078e-01 -1.3199574127e-03 -1.5411093723e-03 -1.3371771704e-03
7.8578578579e-01 -1.3451850135e-03 -1.5743942928e-03 -1.3623490910e-03
7.9079079079e-01 -1.3706559966e-03 -1.6081564818e-03 -1.3877644393e-03
7.9579579580e-01 -1.3963681890e-03 -1.6423994591e-03 -1.4134216986e-03
8.0080080080e-01 -1.4223195300e-03 -1.6771267477e-03 -1.4393192838e-03
8.0580580581e-01 -1.4485085475e-03 -1.7123418737e-03 -1.4654555413e-03
8.1081081081e-01 -1.4749338557e-03 -1.7480483659e-03 -1.4918287486e-03
8.1581581582e-01 -1.5015932775e-03 -1.7842497563e-03 -1.5184371138e-03
8.2082082082e-01 -1.5284848263e-03 -1.8209495797e-03 -1.5452787754e-03
8.2582582583e-01 -1.5556065351e-03 -1.8581513741e-03 -1.5723518019e-03
8.3083083083e-01 -1.5829568671e-03 -1.8958586803e-03 -1.5996541913e-03
8.3583583584e-01 -1.6105330428e-03 -1.9340750421e-03 -1.6271838709e-03
8.4084084084e-01 -1.6383332603e-03 -1.9728040063e-03 -1.6549386970e-03
8.4584584585e-01 -1.6663550555e-03 -2.0120491229e-03 -1.6829164544e-03
8.5085085085e-01 -1.6945966613e-03 -2.0518139444e-03 -1.7111148561e-03
8.5585585586e-01 -1.7230550060e-03 -2.0921020268e-03 -1.7395315429e-03
8.6086086086e-01 -1.7517275816e-03 -2.1329169287e-03 -1.7681640832e-03
8.6586586587e-01 -1.7806123959e-03 -2.1742622118e-03 -1.7970099726e-03
8.7087087087e-01 -1.8097063460e-03 -2.2161414409e-03 -1.8260666335e-03
8.7587587588e-01 -1.8390067674e-03 -2.2585581837e-03 -1.8553314147e-03
8.8088088088e-01 -1.8685115327e-03 -2.3015160107e-03 -1.8848015912e-03
8.8588588589e-01 -1.8982169015e-03 -2.3450184957e-03 -1.9144743640e-03
8.9089089089e-01 -1.9281207509e-03 -2.3890692153e-03 -1.9443468595e-03
8.9589589590e-01 -1.9582195388e-03 -2.4336717490e-03 -1.9744161290e-03
9.0090090090e-01 -1.9885104204e-03 -2.4788296795e-03 -2.0046791491e-03
9.0590590591e-01 -2.0189904800e-03 -2.5245465924e-03 -2.0351328204e-03
9.1091091091e-01 -2.0496562406e-03 -2.5708260760e-03 -2.0657739682e-03
9.1591591592e-01 -2.0805043598e-03 -2.6176717221e-03 -2.0965993412e-03
9.2092092092e-01 -2.1115312189e-03 -2.6650871251e-03 -2.1276056119e-03
9.2592592593e-01 -2.1427343027e-03 -2.7130758824e-03 -2.1587893759e-03
9.3093093093e-01 -2.1741090405e-03 -2.7616415946e-03 -2.1901471518e-03
9.3593593594e-01 -2.2056531815e-03 -2.8107878651e-03 -2.2216753806e-03
9.4094094094e-01 -2.2373610818e-03 -2.8605183003e-03 -2.2533704258e-03
9.4594594595e-01 -2.2692307661e-03 -2.9108365096e-03 -2.2852285727e-03
9.5095095095e-01 -2.3012575925e-03 -2.9617461054e-03 -2.3172460283e-03
9.5595595596e-01 -2.3334380940e-03 -3.0132507030e-03 -2.3494189208e-03
9.6096096096e-01 -2.3657676413e-03 -3.0653539209e-03 -2.3817432997e-03
9.6596596597e-01 -2.3982430887e-03 -3.1180593804e-03 -2.4142151348e-03
9.7097097097e-01 -2.4308588948e-03 -3.1713707057e-03 -2.4468303167e-03
9.7597597598e-01 -2.4636125658e-03 -3.2252915241e-03 -2.4795846560e-03
9.8098098098e-01 -2.4964982365e-03 -3.2798254659e-03 -2.5124738830e-03
9.8598598599e-01 -2.5295129543e-03 -3.3349761644e-03 -2.5454936475e-03
9.9099099099e-01 -2.5626511553e-03 -3.3907472558e-03 -2.5786395187e-03
9.9599599600e-01 -2.5959089184e-03 -3.4471423793e-03 -2.6119069845e-03
1.0010010010e+00 -2.6292810805e-03 -3.5041651770e-03 -2.6452914516e-03
1.0060060060e+00 -2.6627633770e-03 -3.5618192942e-03 -2.6787882448e-03
1.0110110110e+00 -2.6963507622e-03 -3.6201083790e-03 -2.7123926071e-03
1.0160160160e+00 -2.7300388632e-03 -3.6790360825e-03 -2.7460996992e-03
1.0210210210e+00 -2.7638221792e-03 -3.7386060589e-03 -2.7799045992e-03
1.0260260260e+00 -2.7976957964e-03 -3.7988219652e-03 -2.8138023024e-03
1.0310310310e+00 -2.8316548368e-03 -3.8596874614e-03 -2.8477877210e-03
1.0360360360e+00 -2.8656938137e-03 -3.9212062108e-03 -2.8818556836e-03
1.0410410410e+00 -2.8998077296e-03 -3.9833818792e-03 -2.9160009354e-03
1.0460460460e+00 -2.9339906322e-03 -4.0462181356e-03 -2.9502181374e-03
1.0510510511e+00 -2.9682380762e-03 -4.1097186522e-03 -2.9845018664e-03
1.0560560561e+00 -3.0025433892e-03 -4.1738871038e-03 -3.0188466146e-03
1.0610610611e+00 -3.0369016837e-03 -4.2387271684e-03 -3.0532467895e-03
1.0660660661e+00 -3.0713075972e-03 -4.3042425269e-03 -3.0876967134e-03
1.0710710711e+00 -3.1057543609e-03 -4.3704368633e-03 -3.1221906233e-03
1.0760760761e+00 -3.1402360702e-03 -4.4373138644e-03 -3.1567226705e-03
1.0810810811e+00 -3.1747483157e-03 -4.5048772202e-03 -3.1912869203e-03
1.0860860861e+00 -3.2092837835e-03 -4.5731306233e-03 -3.2258773520e-03
1.0910910911e+00 -3.2438360125e-03 -4.6420777698e-03 -3.2604878583e-03
1.0960960961e+00 -3.2783995722e-03 -4.7117223584e-03 -3.2951122451e-03
1.1011011011e+00 -3.3129677428e-03 -4.7820680909e-03 -3.3297442315e-03
1.1061061061e+00 -3.3475353347e-03 -4.8531186720e-03 -3.3643774491e-03
1.1111111111e+00 -3.3820941263e-03 -4.9248778096e-03 -3.3990054421e-03
1.1161161161e+00 -3.4166380374e-03 -4.9973492143e-03 -3.4336216668e-03
1.1211211211e+00 -3.4511608912e-03 -5.0705365999e-03 -3.4682194917e-03
1.1261261261e+00 -3.4856555043e-03 -5.1444436830e-03 -3.5027921966e-03
1.1311311311e+00 -3.5201156093e-03 -5.2190741834e-03 -3.5373329729e-03
1.1361361361e+00 -3.5545336800e-03 -5.2944318237e-03 -3.5718349231e-03
1.1411411411e+00 -3.5889032625e-03 -5.3705203295e-03 -3.6062910607e-03
1.1461461461e+00 -3.6232167421e-03 -5.4473434295e-03 -3.6406943097e-03
1.1511511512e+00 -3.6574676087e-03 -5.5249048551e-03 -3.6750375045e-03
1.1561561562e+00 -3.6916471962e-03 -5.6032083411e-03 -3.7093133898e-03
1.1611611612e+00 -3.7257492215e-03 -5.6822576250e-03 -3.7435146198e-03
1.1661661662e+00 -3.7597669693e-03 -5.7620564473e-03 -3.7776337586e-03
1.1711711712e+00 -3.7936910001e-03 -5.8426085514e-03 -3.8116632796e-03
1.1761761762e+00 -3.8275153838e-03 -5.9239176840e-03 -3.8455955653e-03
1.1811811812e+00 -3.8612313560e-03 -6.0059875945e-03 -3.8794229070e-03
1.1861861862e+00 -3.8948314147e-03 -6.0888220353e-03 -3.9131375048e-03
1.1911911912e+00 -3.9283077508e-03 -6.1724247619e-03 -3.9467314668e-03
1.1961961962e+00 -3.9616527144e-03 -6.2567995327e-03 -3.9801968097e-03
1.2012012012e+00 -3.9948569277e-03 -6.3419501091e-03 -4.0135254576e-03
1.2062062062e+00 -4.0279133908e-03 -6.4278802555e-03 -4.0467092425e-03
1.2112112112e+00 -4.0608136028e-03 -6.5145937392e-03 -4.0797399038e-03
1.2162162162e+00 -4.0935487397e-03 -6.6020943305e-03 -4.1126090878e-03
1.2212212212e+00 -4.1261111306e-03 -6.6903858029e-03 -4.1453083479e-03
1.2262262262e+00 -4.1584921488e-03 -6.7794719325e-03 -4.1778291442e-03
1.2312312312e+00 -4.1906816382e-03 -6.8693564987e-03 -4.2101628430e-03
1.2362362362e+00 -4.2226732249e-03 -6.9600432836e-03 -4.2423007170e-03
1.2412412412e+00 -4.2544556678e-03 -7.0515360727e-03 -4.2742339446e-03
1.2462462462e+00 -4.2860214675e-03 -7.1438386540e-03 -4.3059536101e-03
1.2512512513e+00 -4.3173616414e-03 -7.2369548188e-03 -4.3374507032e-03
1.2562562563e+00 -4.3484667049e-03 -7.3308883612e-03 -4.3687161189e-03
1.2612612613e+00 -4.3793280247e-03 -7.4256430784e-03 -4.3997406570e-03
1.2662662663e+00 -4.4099351240e-03 -7.5212227706e-03 -4.4305150223e-03
1.2712712713e+00 -4.4402784578e-03 -7.6176312409e-03 -4.4610298240e-03
1.2762762763e+00 -4.4703505322e-03 -7.7148722953e-03 -4.4912755755e-03
1.2812812813e+00 -4.5001397189e-03 -7.8129497429e-03 -4.5212426946e-03
1.2862862863e+00 -4.5296384590e-03 -7.9118673959e-03 -4.5509215026e-03
1.2912912913e+00 -4.5588342449e-03 -8.0116290692e-03 -4.5803022246e-03
1.2962962963e+00 -4.5877185662e-03 -8.1122385808e-03 -4.6093749891e-03
1.3013013013e+00 -4.6162817865e-03 -8.2136997519e-03 -4.6381298275e-03
1.3063063063e+00 -4.6445138589e-03 -8.3160164062e-03 -4.6665566744e-03
1.3113113113e+00 -4.6724031837e-03 -8.4191923709e-03 -4.6946453671e-03
1.3163163163e+00 -4.6999414226e-03 -8.5232314758e-03 -4.7223856453e-03
1.3213213213e+00 -4.7271180444e-03 -8.6281375539e-03 -4.7497671509e-03
1.3263263263e+00 -4.7539207407e-03 -8.7339144410e-03 -4.7767794279e-03
1.3313313313e+00 -4.7803401622e-03 -8.8405659761e-03 -4.8034119222e-03
1.3363363363e+00 -4.8063656741e-03 -8.9480960010e-03 -4.8296539812e-03
1.3413413413e+00 -4.8319861450e-03 -9.0565083605e-03 -4.8554948536e-03
1.3463463463e+00 -4.8571913719e-03 -9.1658069026e-03 -4.8809236894e-03
1.3513513514e+00 -4.8819698588e-03 -9.2759954779e-03 -4.9059295396e-03
1.3563563564e+00 -4.9063116709e-03 -9.3870779402e-03 -4.9305013556e-03
1.3613613614e+00 -4.9302028237e-03 -9.4990581464e-03 -4.9546279896e-03
1.3663663664e+00 -4.9536348187e-03 -9.6119399561e-03 -4.9782981939e-03
1.3713713714e+00 -4.9765951976e-03 -9.7257272321e-03 -5.0015006212e-03
1.3763763764e+00 -4.9990734547e-03 -9.8404238401e-03 -5.0242238236e-03
1.3813813814e+00 -5.0210556370e-03 -9.9560336487e-03 -5.0464562531e-03
1.3863863864e+00 -5.0425331186e-03 -1.0072560530e-02 -5.0681862611e-03
1.3913913914e+00 -5.0634918045e-03 -1.0190008358e-02 -5.0894020983e-03
1.3963963964e+00 -5.0839221757e-03 -1.0308381010e-02 -5.1100919143e-03
1.4014014014e+00 -5.1038096569e-03 -1.0427682368e-02 -5.1302437575e-03
1.4064064064e+00 -5.1231435034e-03 -1.0547916314e-02 -5.1498455748e-03
1.4114114114e+00 -5.1419114225e-03 -1.0669086736e-02 -5.1688852118e-03
1.4164164164e+00 -5.1601007651e-03 -1.0791197523e-02 -5.1873504119e-03
1.4214214214e+00 -5.1777007688e-03 -1.0914252567e-02 -5.2052288166e-03
1.4264264264e+00 -5.1946976322e-03 -1.1038255764e-02 -5.2225079653e-03
1.4314314314e+00 -5.2110783048e-03 -1.1163211013e-02 -5.2391752948e-03
1.4364364364e+00 -5.2268304728e-03 -1.1289122214e-02 -5.2552181393e-03
1.4414414414e+00 -5.2419422439e-03 -1.1415993273e-02 -5.2706237300e-03
1.4464464464e+00 -5.2564003329e-03 -1.1543828096e-02 -5.2853791953e-03
1.4514514515e+00 -5.2701903117e-03 -1.1672630595e-02 -5.2994715600e-03
1.4564564565e+00 -5.2833009587e-03 -1.1802404682e-02 -5.3128877459e-03
1.4614614615e+00 -5.2957194944e-03 -1.1933154274e-02 -5.3256145706e-03
1.4664664665e+00 -5.3074307689e-03 -1.2064883290e-02 -5.3376387482e-03
1.4714714715e+00 -5.3184225057e-03 -1.2197595653e-02 -5.3489468886e-03
1.4764764765e+00 -5.3286804781e-03 -1.2331295288e-02 -5.3595254974e-03
1.4814814815e+00 -5.3381916022e-03 -1.2465986123e-02 -5.3693609758e-03
1.4864864865e+00 -5.3469425299e-03 -1.2601672089e-02 -5.3784396203e-03
1.4914914915e+00 -5.3549185609e-03 -1.2738357121e-02 -5.3867476225e-03
1.4964964965e+00 -5.3621062250e-03 -1.2876045156e-02 -5.3942710690e-03
1.5015015015e+00 -5.3684917975e-03 -1.3014740133e-02 -5.4009959412e-03
1.5065065065e+00 -5.3740612031e-03 -1.3154445998e-02 -5.4069081148e-03
1.5115115115e+00 -5.3787988616e-03 -1.3295166694e-02 -5.4119933600e-03
1.5165165165e+00 -5.3826924516e-03 -1.3436906172e-02 -5.4162373414e-03
1.5215215215e+00 -5.3857265200e-03 -1.3579668384e-02 -5.4196256171e-03
1.5265265265e+00 -5.3878862160e-03 -1.3723457285e-02 -5.4221436393e-03
1.5315315315e+00 -5.3891572677e-03 -1.3868276833e-02 -5.4237767536e-03
1.5365365365e+00 -5.3895247930e-03 -1.4014130989e-02 -5.4245101991e-03
1.5415415415e+00 -5.3889745926e-03 -1.4161023716e-02 -5.4243291081e-03
1.5465465465e+00 -5.3874904541e-03 -1.4308958983e-02 -5.4232185059e-03
1.5515515516e+00 -5.3850580237e-03 -1.4457940759e-02 -5.4211633104e-03
1.5565565566e+00 -5.3816623813e-03 -1.4607973017e-02 -5.4181483324e-03
1.5615615616e+00 -5.3772872017e-03 -1.4759059733e-02 -5.4141582750e-03
1.5665665666e+00 -5.3719184280e-03 -1.4911204886e-02 -5.4091777336e-03
1.5715715716e+00 -5.3655395809e-03 -1.5064412458e-02 -5.4031911956e-03
1.5765765766e+00 -5.3581358237e-03 -1.5218686434e-02 -5.3961830404e-03
1.5815815816e+00 -5.3496903446e-03 -1.5374030801e-02 -5.3881375389e-03
1.5865865866e+00 -5.3401884857e-03 -1.5530449551e-02 -5.3790388537e-03
1.5915915916e+00 -5.3296133859e-03 -1.5687946678e-02 -5.3688710385e-03
1.5965965966e+00 -5.3179497435e-03 -1.5846526177e-02 -5.3576180384e-03
1.6016016016e+00 -5.3051812152e-03 -1.6006192050e-02 -5.3452636891e-03
1.6066066066e+00 -5.2912912440e-03 -1.6166948299e-02 -5.3317917175e-03
1.6116116116e+00 -5.2762628723e-03 -1.6328798929e-02 -5.3171857407e-03
1.6166166166e+00 -5.2600810592e-03 -1.6491747949e-02 -5.3014292663e-03
1.6216216216e+00 -5.2427287783e-03 -1.6655799372e-02 -5.2845056922e-03
1.6266266266e+00 -5.2241876008e-03 -1.6820957212e-02 -5.2663983064e-03
1.6316316316e+00 -5.2044434162e-03 -1.6987225486e-02 -5.2470902866e-03
1.6366366366e+00 -5.1834770015e-03 -1.7154608215e-02 -5.2265647001e-03
1.6416416416e+00 -5.1612731444e-03 -1.7323109423e-02 -5.2048045040e-03
1.6466466466e+00 -5.1378139391e-03 -1.7492733136e-02 -5.1817925445e-03
1.6516516517e+00 -5.1130815958e-03 -1.7663483385e-02 -5.1575115570e-03
1.6566566567e+00 -5.0870591980e-03 -1.7835364201e-02 -5.1319441657e-03
1.6616616617e+00 -5.0597299581e-03 -1.8008379621e-02 -5.1050728840e-03
1.6666666667e+00 -5.0310750882e-03 -1.8182533682e-02 -5.0768801134e-03
1.6716716717e+00 -5.0010776850e-03 -1.8357830426e-02 -5.0473481442e-03
1.6766766767e+00 -4.9697195967e-03 -1.8534273899e-02 -5.0164591548e-03
1.6816816817e+00 -4.9369834772e-03 -1.8711868146e-02 -4.9841952117e-03
1.6866866867e+00 -4.9028503462e-03 -1.8890617220e-02 -4.9505382694e-03
1.6916916917e+00 -4.8673028588e-03 -1.9070525173e-02 -4.9154701699e-03
1.6966966967e+00 -4.8303223833e-03 -1.9251596061e-02 -4.8789726431e-03
1.7017017017e+00 -4.7918906036e-03 -1.9433833945e-02 -4.8410273059e-03
1.7067067067e+00 -4.7519893130e-03 -1.9617242886e-02 -4.8016156627e-03
1.7117117117e+00 -4.7105993482e-03 -1.9801826949e-02 -4.7607191050e-03
1.7167167167e+00 -4.6677025388e-03 -1.9987590205e-02 -4.7183189107e-03
1.7217217217e+00 -4.6232799314e-03 -2.0174536722e-02 -4.6743962451e-03
1.7267267267e+00 -4.5773118893e-03 -2.0362670577e-02 -4.6289321593e-03
1.7317317317e+00 -4.5297818125e-03 -2.0551995845e-02 -4.5819075913e-03
1.7367367367e+00 -4.4806664485e-03 -2.0742516608e-02 -4.5333033652e-03
1.7417417417e+00 -4.4299499741e-03 -2.0934236949e-02 -4.4831001907e-03
1.7467467467e+00 -4.3776120705e-03 -2.1127160954e-02 -4.4312786640e-03
1.7517517518e+00 -4.3236325919e-03 -2.1321292711e-02 -4.3778192665e-03
1.7567567568e+00 -4.2679923278e-03 -2.1516636314e-02 -4.3227023652e-03
1.7617617618e+00 -4.2106720764e-03 -2.1713195858e-02 -4.2659082127e-03
1.7667667668e+00 -4.1516511828e-03 -2.1910975440e-02 -4.2074169465e-03
1.7717717718e+00 -4.0909107665e-03 -2.2109979162e-02 -4.1472085892e-03
1.7767767768e+00 -4.0284286006e-03 -2.2310211128e-02 -4.0852630484e-03
1.7817817818e+00 -3.9641867804e-03 -2.2511675445e-02 -4.0215601161e-03
1.7867867868e+00 -3.8981645506e-03 -2.2714376223e-02 -3.9560794690e-03
1.7917917918e+00 -3.8303402693e-03 -2.2918317575e-02 -3.8888006682e-03
1.7967967968e+00 -3.7606947710e-03 -2.3123503617e-02 -3.8197031589e-03
1.8018018018e+00 -3.6892070323e-03 -2.3329938469e-02 -3.7487662703e-03
1.8068068068e+00 -3.6158568550e-03 -2.3537626251e-02 -3.6759692157e-03
1.8118118118e+00 -3.5406207460e-03 -2.3746571090e-02 -3.6012910917e-03
1.8168168168e+00 -3.4634813154e-03 -2.3956777113e-02 -3.5247108788e-03
1.8218218218e+00 -3.3844149132e-03 -2.4168248451e-02 -3.4462074407e-03
1.8268268268e+00 -3.3034010567e-03 -2.4380989238e-02 -3.3657595244e-03
1.8318318318e+00 -3.2204187458e-03 -2.4595003610e-02 -3.2833457599e-03
1.8368368368e+00 -3.1354468031e-03 -2.4810295709e-02 -3.1989446601e-03
1.8418418418e+00 -3.0484625665e-03 -2.5026869676e-02 -3.1125346208e-03
1.8468468468e+00 -2.9594480505e-03 -2.5244729657e-02 -3.0240939201e-03
1.8518518519e+00 -2.8683738693e-03 -2.5463879802e-02 -2.9336007187e-03
1.8568568569e+00 -2.7752250280e-03 -2.5684324262e-02 -2.8410330595e-03
1.8618618619e+00 -2.6799761981e-03 -2.5906067191e-02 -2.7463688677e-03
1.8668668669e+00 -2.5826057774e-03 -2.6129112749e-02 -2.6495859500e-03
1.8718718719e+00 -2.4830935754e-03 -2.6353465094e-02 -2.5506619954e-03
1.8768768769e+00 -2.3814141651e-03 -2.6579128392e-02 -2.4495745742e-03
1.8818818819e+00 -2.2775467205e-03 -2.6806106808e-02 -2.3463011383e-03
1.8868868869e+00 -2.1714686600e-03 -2.7034404512e-02 -2.2408190209e-03
1.8918918919e+00 -2.0631562372e-03 -2.7264025678e-02 -2.1331054364e-03
1.8968968969e+00 -1.9525873786e-03 -2.7494974481e-02 -2.0231374800e-03
1.9019019019e+00 -1.8397382833e-03 -2.7727255098e-02 -1.9108921281e-03
1.9069069069e+00 -1.7245865291e-03 -2.7960871713e-02 -1.7963462376e-03
1.9119119119e+00 -1.6071105271e-03 -2.8195828509e-02 -1.6794765460e-03
1.9169169169e+00 -1.4872820820e-03 -2.8432129674e-02 -1.5602596710e-03
1.9219219219e+00 -1.3650838112e-03 -2.8669779399e-02 -1.4386721109e-03
1.9269269269e+00 -1.2404879989e-03 -2.8908781877e-02 -1.3146902438e-03
1.9319319319e+00 -1.1134726609e-03 -2.9149141305e-02 -1.1882903278e-03
1.9369369369e+00 -9.8401297095e-04 -2.9390861881e-02 -1.0594485010e-03
1.9419419419e+00 -8.5208591760e-04 -2.9633947809e-02 -9.2814078070e-04
1.9469469469e+00 -7.1766763203e-04 -2.9878403295e-02 -7.9434306408e-04
1.9519519520e+00 -5.8073161846e-04 -3.0124232545e-02 -6.5803112746e-04
1.9569569570e+00 -4.4125771687e-04 -3.0371439773e-02 -5.1918062638e-04
1.9619619620e+00 -2.9921717970e-04 -3.0620029191e-02 -3.7776709540e-04
1.9669669670e+00 -1.5458897856e-04 -3.0870005019e-02 -2.3376594798e-04
1.9719719720e+00 -7.3462524364e-06 -3.1121371475e-02 -8.7152476298e-05
1.9769769770e+00 1.4253535460e-04 -3.1374132783e-02 6.2098148885e-05
1.9819819820e+00 2.9508005158e-04 -3.1628293170e-02 2.1401087837e-04
1.9869869870e+00 4.5031329464e-04 -3.1883856865e-02 3.6861078467e-04
1.9919919920e+00 6.0826007819e-04 -3.2140828099e-02 5.2592306217e-04
1.9969969970e+00 7.6894565887e-04 -3.2399211109e-02 6.8597302726e-04
2.0020020020e+00 9.3239556273e-04 -3.2659010133e-02 8.4878611846e-04
2.0070070070e+00 1.0986351932e-03 -3.2920229411e-02 1.0143878966e-03
2.0120120120e+00 1.2676906793e-03 -3.3182873188e-02 1.1828040451e-03
2.0170170170e+00 1.4395868329e-03 -3.3446945712e-02 1.3540603697e-03
2.0220220220e+00 1.6143494925e-03 -3.3712451231e-02 1.5281827990e-03
2.0270270270e+00 1.7920055676e-03 -3.3979394000e-02 1.7051973847e-03
2.0320320320e+00 1.9725808990e-03 -3.4247778274e-02 1.8851303011e-03
2.0370370370e+00 2.1561009372e-03 -3.4517608313e-02 2.0680078461e-03
2.0420420420e+00 2.3425930374e-03 -3.4788888379e-02 2.2538564407e-03
2.0470470470e+00 2.5320830572e-03 -3.5061622736e-02 2.4427026293e-03
2.0520520521e+00 2.7245976261e-03 -3.5335815652e-02 2.6345730801e-03
2.0570570571e+00 2.9201626981e-03 -3.5611471400e-02 2.8294945848e-03
2.0620620621e+00 3.1188067097e-03 -3.5888594252e-02 3.0274940594e-03
2.0670670671e+00 3.3205566877e-03 -3.6167188485e-02 3.2285985434e-03
2.0720720721e+00 3.5254362071e-03 -3.6447258380e-02 3.4328352008e-03
2.0770770771e+00 3.7334784657e-03 -3.6728808220e-02 3.6402313200e-03
2.0820820821e+00 3.9447062671e-03 -3.7011842290e-02 3.8508143135e-03
2.0870870871e+00 4.1591484842e-03 -3.7296364879e-02 4.0646117188e-03
2.0920920921e+00 4.3768316432e-03 -3.7582380280e-02 4.2816511979e-03
2.0970970971e+00 4.5977849275e-03 -3.7869892786e-02 4.5019605377e-03
2.1021021021e+00 4.8220345808e-03 -3.8158906696e-02 4.7255676501e-03
2.1071071071e+00 5.0496110686e-03 -3.8449426311e-02 4.9525005723e-03
2.1121121121e+00 5.2805389948e-03 -3.8741455934e-02 5.1827874667e-03
2.1171171171e+00 5.5148494258e-03 -3.9034999872e-02 5.4164566210e-03
2.1221221221e+00 5.7525696576e-03 -3.9330062436e-02 5.6535364488e-03
2.1271271271e+00 5.9937285063e-03 -3.9626647936e-02 5.8940554891e-03
2.1321321321e+00 6.2383535378e-03 -3.9924760691e-02 6.1380424069e-03
2.1371371371e+00 6.4864737922e-03 -4.0224405017e-02 6.3855259932e-03
2.1421421421e+00 6.7381180760e-03 -4.0525585236e-02 6.6365351651e-03
2.1471471471e+00 6.9933153446e-03 -4.0828305675e-02 6.8910989659e-03
2.1521521522e+00 7.2520965370e-03 -4.1132570659e-02 7.1492465654e-03
2.1571571572e+00 7.5144889755e-03 -4.1438384519e-02 7.4110072599e-03
2.1621621622e+00 7.7805210455e-03 -4.1745751590e-02 7.6764104723e-03
2.1671671672e+00 8.0502240851e-03 -4.2054676208e-02 7.9454857524e-03
2.1721721722e+00 8.3236261420e-03 -4.2365162711e-02 8.2182627770e-03
2.1771771772e+00 8.6007580550e-03 -4.2677215444e-02 8.4947713497e-03
2.1821821822e+00 8.8816486084e-03 -4.2990838751e-02 8.7750414016e-03
2.1871871872e+00 9.1663287770e-03 -4.3306036980e-02 9.0591029910e-03
2.1921921922e+00 9.4548289394e-03 -4.3622814484e-02 9.3469863038e-03
2.1971971972e+00 9.7471771677e-03 -4.3941175617e-02 9.6387216534e-03
2.2022022022e+00 1.0043406565e-02 -4.4261124736e-02 9.9343394810e-03
2.2072072072e+00 1.0343545206e-02 -4.4582666201e-02 1.0233870356e-02
2.2122122122e+00 1.0647624389e-02 -4.4905804376e-02 1.0537344974e-02
2.2172172172e+00 1.0955674824e-02 -4.5230543627e-02 1.0844794163e-02
2.2222222222e+00 1.1267727654e-02 -4.5556888324e-02 1.1156248874e-02
2.2272272272e+00 1.1583813090e-02 -4.5884842839e-02 1.1471740189e-02
2.2322322322e+00 1.1903962821e-02 -4.6214411548e-02 1.1791299321e-02
2.2372372372e+00 1.2228207835e-02 -4.6545598827e-02 1.2114957606e-02
2.2422422422e+00 1.2556579544e-02 -4.6878409060e-02 1.2442746514e-02
2.2472472472e+00 1.2889110379e-02 -4.7212846630e-02 1.2774697641e-02
2.2522522523e+00 1.3225830436e-02 -4.7548915924e-02 1.3110842713e-02
2.2572572573e+00 1.3566770390e-02 -4.7886621332e-02 1.3451213585e-02
2.2622622623e+00 1.3911964591e-02 -4.8225967249e-02 1.3795842242e-02
2.2672672673e+00 1.4261444685e-02 -4.8566958069e-02 1.4144760798e-02
2.2722722723e+00 1.4615241100e-02 -4.8909598192e-02 1.4498001496e-02
2.2772772773e+00 1.4973386511e-02 -4.9253892020e-02 1.4855596709e-02
2.2822822823e+00 1.5335912944e-02 -4.9599843959e-02 1.5217578941e-02
2.2872872873e+00 1.5702853179e-02 -4.9947458416e-02 1.5583980824e-02
2.2922922923e+00 1.6074243846e-02 -5.0296739802e-02 1.5954835121e-02
2.2972972973e+00 1.6450109909e-02 -5.0647692532e-02 1.6330174727e-02
2.3023023023e+00 1.6830490234e-02 -5.1000321022e-02 1.6710032664e-02
2.3073073073e+00 1.7215415316e-02 -5.1354629693e-02 1.7094442087e-02
2.3123123123e+00 1.7604917620e-02 -5.1710622967e-02 1.7483436281e-02
2.3173173173e+00 1.7999031249e-02 -5.2068305271e-02 1.7877048661e-02
2.3223223223e+00 1.8397791734e-02 -5.2427681033e-02 1.8275312773e-02
2.3273273273e+00 1.8801228061e-02 -5.2788754686e-02 1.8678262296e-02
2.3323323323e+00 1.9209377395e-02 -5.3151530664e-02 1.9085931037e-02
2.3373373373e+00 1.9622271604e-02 -5.3516013405e-02 1.9498352936e-02
2.3423423423e+00 2.0039943738e-02 -5.3882207350e-02 1.9915562064e-02
2.3473473473e+00 2.0462432871e-02 -5.4250116943e-02 2.0337592625e-02
2.3523523524e+00 2.0889765862e-02 -5.4619746630e-02 2.0764478951e-02
2.3573573574e+00 2.1321981888e-02 -5.4991100862e-02 2.1196255510e-02
2.3623623624e+00 2.1759113173e-02 -5.5364184092e-02 2.1632956898e-02
2.3673673674e+00 2.2201194973e-02 -5.5739000775e-02 2.2074617847e-02
2.3723723724e+00 2.2648261268e-02 -5.6115555369e-02 2.2521273217e-02
2.3773773774e+00 2.3100348643e-02 -5.6493852337e-02 2.2972958003e-02
2.3823823824e+00 2.3557487593e-02 -5.6873896143e-02 2.3429707331e-02
2.3873873874e+00 2.4019717686e-02 -5.7255691256e-02 2.3891556461e-02
2.3923923924e+00 2.4487073096e-02 -5.7639242145e-02 2.4358540784e-02
2.3973973974e+00 2.4959588101e-02 -5.8024553284e-02 2.4830695824e-02
2.4024024024e+00 2.5437296213e-02 -5.8411629150e-02 2.5308057238e-02
2.4074074074e+00 2.5920236704e-02 -5.8800474223e-02 2.5790660818e-02
2.4124124124e+00 2.6408441040e-02 -5.9191092985e-02 2.6278542485e-02
2.4174174174e+00 2.6901948537e-02 -5.9583489921e-02 2.6771738297e-02
2.4224224224e+00 2.7400793811e-02 -5.9977669521e-02 2.7270284443e-02
2.4274274274e+00 2.7905010850e-02 -6.0373636276e-02 2.7774217246e-02
2.4324324324e+00 2.8414638576e-02 -6.0771394680e-02 2.8283573164e-02
2.4374374374e+00 2.8929712266e-02 -6.1170949231e-02 2.8798388787e-02
2.4424424424e+00 2.9450269914e-02 -6.1572304429e-02 2.9318700839e-02
2.4474474474e+00 2.9976341392e-02 -6.1975464778e-02 2.9844546179e-02
2.4524524525e+00 3.0507970544e-02 -6.2380434784e-02 3.0375961799e-02
2.4574574575e+00 3.1045192534e-02 -6.2787218957e-02 3.0912984826e-02
2.4624624625e+00 3.1588041542e-02 -6.3195821809e-02 3.1455652519e-02
2.4674674675e+00 3.2136555671e-02 -6.3606247855e-02 3.2004002276e-02
2.4724724725e+00 3.2690771463e-02 -6.4018501614e-02 3.2558071625e-02
2.4774774775e+00 3.3250729327e-02 -6.4432587607e-02 3.3117898231e-02
2.4824824825e+00 3.3816462621e-02 -6.4848510358e-02 3.3683519893e-02
2.4874874875e+00 3.4388009120e-02 -6.5266274395e-02 3.4254974545e-02
2.4924924925e+00 3.4965409167e-02 -6.5685884248e-02 3.4832300257e-02
2.4974974975e+00 3.5548696599e-02 -6.6107344450e-02 3.5415535233e-02
2.5025025025e+00 3.6137912035e-02 -6.6530659538e-02 3.6004717811e-02
2.5075075075e+00 3.6733091925e-02 -6.6955834050e-02 3.6599886468e-02
2.5125125125e+00 3.7334275129e-02 -6.7382872529e-02 3.7201079813e-02
2.5175175175e+00 3.7941497848e-02 -6.7811779520e-02 3.7808336593e-02
2.5225225225e+00 3.8554801235e-02 -6.8242559572e-02 3.8421695688e-02
2.5275275275e+00 3.9174218443e-02 -6.8675217234e-02 3.9041196117e-02
2.5325325325e+00 3.9799792762e-02 -6.9109757062e-02 3.9666877033e-02
2.5375375375e+00 4.0431560143e-02 -6.9546183613e-02 4.0298777726e-02
2.5425425425e+00 4.1069561019e-02 -6.9984501446e-02 4.0936937620e-02
2.5475475475e+00 4.1713832427e-02 -7.0424715125e-02 4.1581396278e-02
2.5525525526e+00 4.2364411766e-02 -7.0866829216e-02 4.2232193399e-02
2.5575575576e+00 4.3021340448e-02 -7.1310848287e-02 4.2889368817e-02
2.5625625626e+00 4.3684655804e-02 -7.1756776912e-02 4.3552962504e-02
2.5675675676e+00 4.4354397312e-02 -7.2204619663e-02 4.4223014567e-02
2.5725725726e+00 4.5030603317e-02 -7.2654381121e-02 4.4899565253e-02
2.5775775776e+00 4.5713313599e-02 -7.3106065865e-02 4.5582654943e-02
2.5825825826e+00 4.6402563587e-02 -7.3559678480e-02 4.6272324156e-02
2.5875875876e+00 4.7098398820e-02 -7.4015223552e-02 4.6968613549e-02
2.5925925926e+00 4.7800854221e-02 -7.4472705671e-02 4.7671563916e-02
2.5975975976e+00 4.8509966046e-02 -7.4932129431e-02 4.8381216187e-02
2.6026026026e+00 4.9225777482e-02 -7.5393499427e-02 4.9097611432e-02
2.6076076076e+00 4.9948325241e-02 -7.5856820257e-02 4.9820790856e-02
2.6126126126e+00 5.0677649031e-02 -7.6322096524e-02 5.0550795804e-02
2.6176176176e+00 5.1413788218e-02 -7.6789332832e-02 5.1287667757e-02
2.6226226226e+00 5.2156776509e-02 -7.7258533790e-02 5.2031448337e-02
2.6276276276e+00 5.2906655534e-02 -7.7729704008e-02 5.2782179300e-02
2.6326326326e+00 5.3663462883e-02 -7.8202848099e-02 5.3539902544e-02
2.6376376376e+00 5.4427232749e-02 -7.8677970680e-02 5.4304660102e-02
2.6426426426e+00 5.5197998843e-02 -7.9155076372e-02 5.5076494148e-02
2.6476476476e+00 5.5975796009e-02 -7.9634169796e-02 5.5855446993e-02
2.6526526527e+00 5.6760651170e-02 -8.0115255578e-02 5.6641561088e-02
2.6576576577e+00 5.7552592944e-02 -8.0598338348e-02 5.7434879022e-02
2.6626626627e+00 5.8351628673e-02 -8.1083422736e-02 5.8235443523e-02
2.6676676677e+00 5.9157702631e-02 -8.1570513377e-02 5.9043297457e-02
2.6726726727e+00 5.9970839739e-02 -8.2059614908e-02 5.9858483831e-02
2.6776776777e+00 6.0791361949e-02 -8.2550731971e-02 6.0681045789e-02
2.6826826827e+00 6.1619315680e-02 -8.3043869209e-02 6.1511026617e-02
2.6876876877e+00 6.2454740532e-02 -8.3539031268e-02 6.2348469739e-02
2.6926926927e+00 6.3297681249e-02 -8.4036222797e-02 6.3193418717e-02
2.6976976977e+00 6.4148185937e-02 -8.4535448450e-02 6.4045917256e-02
2.7027027027e+00 6.5006290599e-02 -8.5036712881e-02 6.4906009198e-02
2.7077077077e+00 6.5872046670e-02 -8.5540020750e-02 6.5773738525e-02
2.7127127127e+00 6.6745494867e-02 -8.6045376717e-02 6.6649149361e-02
2.7177177177e+00 6.7626681864e-02 -8.6552785447e-02 6.7532285968e-02
2.7227227227e+00 6.8515648344e-02 -8.7062251606e-02 6.8423192750e-02
2.7277277277e+00 6.9412440278e-02 -8.7573779867e-02 6.9321914249e-02
2.7327327327e+00 7.0317102123e-02 -8.8087374901e-02 7.0228495150e-02
2.7377377377e+00 7.1229682367e-02 -8.8603041386e-02 7.1142980277e-02
2.7427427427e+00 7.2150217546e-02 -8.9120784000e-02 7.2065414594e-02
2.7477477477e+00 7.3078763573e-02 -8.9640607425e-02 7.2995843208e-02
2.7527527528e+00 7.4015360494e-02 -9.0162516348e-02 7.3934311364e-02
2.7577577578e+00 7.4960049893e-02 -9.0686515456e-02 7.4880864449e-02
2.7627627628e+00 7.5912885657e-02 -9.1212609440e-02 7.5835547994e-02
2.7677677678e+00 7.6873905868e-02 -9.1740802995e-02 7.6798407666e-02
2.7727727728e+00 7.7843161183e-02 -9.2271100817e-02 7.7769489276e-02
2.7777777778e+00 7.8820693570e-02 -9.2803507607e-02 7.8748838778e-02
2.7827827828e+00 7.9806554090e-02 -9.3338028069e-02 7.9736502263e-02
2.7877877878e+00 8.0800785846e-02 -9.3874666907e-02 8.0732525969e-02
2.7927927928e+00 8.1803436144e-02 -9.4413428832e-02 8.1736956271e-02
2.7977977978e+00 8.2814551028e-02 -9.4954318555e-02 8.2749839688e-02
2.8028028028e+00 8.3834175265e-02 -9.5497340791e-02 8.3771222881e-02
2.8078078078e+00 8.4862363210e-02 -9.6042500258e-02 8.4801152652e-02
2.8128128128e+00 8.5899151774e-02 -9.6589801678e-02 8.5839675945e-02
2.8178178178e+00 8.6944595081e-02 -9.7139249774e-02 8.6886839849e-02
2.8228228228e+00 8.7998737330e-02 -9.7690849274e-02 8.7942691591e-02
2.8278278278e+00 8.9061621397e-02 -9.8244604906e-02 8.9007278544e-02
2.8328328328e+00 9.0133309167e-02 -9.8800521405e-02 9.0080648221e-02
2.8378378378e+00 9.1213835467e-02 -9.9358603506e-02 9.1162848279e-02
2.8428428428e+00 9.2303251653e-02 -9.9918855948e-02 9.2253926518e-02
2.8478478478e+00 9.3401608227e-02 -1.0048128347e-01 9.3353930880e-02
2.8528528529e+00 9.4508948817e-02 -1.0104589082e-01 9.4462909449e-02
2.8578578579e+00 9.5625324271e-02 -1.0161268275e-01 9.5580910454e-02
2.8628628629e+00 9.6750783703e-02 -1.0218166401e-01 9.6707982267e-02
2.8678678679e+00 9.7885373930e-02 -1.0275283934e-01 9.7844173401e-02
2.8728728729e+00 9.9029144955e-02 -1.0332621351e-01 9.8989532515e-02
2.8778778779e+00 1.0018214489e-01 -1.0390179128e-01 1.0014410841e-01
2.8828828829e+00 1.0134442353e-01 -1.0447957741e-01 1.0130795003e-01
2.8878878879e+00 1.0251602867e-01 -1.0505957666e-01 1.0248110647e-01
2.8928928929e+00 1.0369700706e-01 -1.0564179380e-01 1.0366362695e-01
2.8978978979e+00 1.0488741617e-01 -1.0622623362e-01 1.0485556085e-01
2.9029029029e+00 1.0608729942e-01 -1.0681290087e-01 1.0605695770e-01
2.9079079079e+00 1.0729670830e-01 -1.0740180033e-01 1.0726786715e-01
2.9129129129e+00 1.0851568966e-01 -1.0799293680e-01 1.0848833902e-01
2.9179179179e+00 1.0974429781e-01 -1.0858631505e-01 1.0971842326e-01
2.9229229229e+00 1.1098258149e-01 -1.0918193987e-01 1.1095816995e-01
2.9279279279e+00 1.1223058966e-01 -1.0977981604e-01 1.1220762936e-01
2.9329329329e+00 1.1348837306e-01 -1.1037994837e-01 1.1346685185e-01
2.9379379379e+00 1.1475598474e-01 -1.1098234164e-01 1.1473588797e-01
2.9429429429e+00 1.1603347263e-01 -1.1158700066e-01 1.1601478838e-01
2.9479479479e+00 1.1732088560e-01 -1.1219393022e-01 1.1730360391e-01
2.9529529530e+00 1.1861827968e-01 -1.1280313513e-01 1.1860238553e-01
2.9579579580e+00 1.1992570537e-01 -1.1341462020e-01 1.1991118433e-01
2.9629629630e+00 1.2124321120e-01 -1.1402839024e-01 1.2123005158e-01
2.9679679680e+00 1.2257084909e-01 -1.1464445006e-01 1.2255903867e-01
2.9729729730e+00 1.2390867252e-01 -1.1526280448e-01 1.2389819716e-01
2.9779779780e+00 1.2525673043e-01 -1.1588345832e-01 1.2524757874e-01
2.9829829830e+00 1.2661507683e-01 -1.1650641639e-01 1.2660723523e-01
2.9879879880e+00 1.2798376387e-01 -1.1713168353e-01 1.2797721863e-01
2.9929929930e+00 1.2936283971e-01 -1.1775926457e-01 1.2935758106e-01
2.9979979980e+00 1.3075236126e-01 -1.1838916433e-01 1.3074837479e-01
3.0030030030e+00 1.3215238481e-01 -1.1902138764e-01 1.3214965225e-01
3.0080080080e+00 1.3356295407e-01 -1.1965593936e-01 1.3356146599e-01
3.0130130130e+00 1.3498412551e-01 -1.2029282431e-01 1.3498386875e-01
3.0180180180e+00 1.3641595250e-01 -1.2093204733e-01 1.3641691336e-01
3.0230230230e+00 1.3785848579e-01 -1.2157361329e-01 1.3786065283e-01
3.0280280280e+00 1.3931178257e-01 -1.2221752702e-01 1.3931514033e-01
3.0330330330e+00 1.4077589210e-01 -1.2286379338e-01 1.4078042913e-01
3.0380380380e+00 1.4225087091e-01 -1.2351241721e-01 1.4225657270e-01
3.0430430430e+00 1.4373677028e-01 -1.2416340339e-01 1.4374362461e-01
3.0480480480e+00 1.4523364659e-01 -1.2481675677e-01 1.4524163861e-01
3.0530530531e+00 1.4674154453e-01 -1.2547248222e-01 1.4675066858e-01
3.0580580581e+00 1.4826053879e-01 -1.2613058459e-01 1.4827076856e-01
3.0630630631e+00 1.4979066533e-01 -1.2679106877e-01 1.4980199271e-01
3.0680680681e+00 1.5133198215e-01 -1.2745393963e-01 1.5134439537e-01
3.0730730731e+00 1.5288454633e-01 -1.2811920204e-01 1.5289803101e-01
3.0780780781e+00 1.5444841076e-01 -1.2878686087e-01 1.5446295425e-01
3.0830830831e+00 1.5602363222e-01 -1.2945692102e-01 1.5603921985e-01
3.0880880881e+00 1.5761026678e-01 -1.3012938737e-01 1.5762688274e-01
3.0930930931e+00 1.5920836172e-01 -1.3080426480e-01 1.5922599798e-01
3.0980980981e+00 1.6081798142e-01 -1.3148155820e-01 1.6083662077e-01
3.1031031031e+00 1.6243917775e-01 -1.3216127248e-01 1.6245880648e-01
3.1081081081e+00 1.6407200514e-01 -1.3284341252e-01 1.6409261061e-01
3.1131131131e+00 1.6571651992e-01 -1.3352798323e-01 1.6573808882e-01
3.1181181181e+00 1.6737278029e-01 -1.3421498951e-01 1.6739529691e-01
3.1231231231e+00 1.6904083871e-01 -1.3490443626e-01 1.6906429083e-01
3.1281281281e+00 1.7072075292e-01 -1.3559632840e-01 1.7074512668e-01
3.1331331331e+00 1.7241257795e-01 -1.3629067083e-01 1.7243786071e-01
3.1381381381e+00 1.7411637299e-01 -1.3698746847e-01 1.7414254931e-01
3.1431431431e+00 1.7583218982e-01 -1.3768672624e-01 1.7585924903e-01
3.1481481481e+00 1.7756009392e-01 -1.3838844906e-01 1.7758801657e-01
3.1531531532e+00 1.7930013185e-01 -1.3909264185e-01 1.7932890876e-01
3.1581581582e+00 1.8105236612e-01 -1.3979930954e-01 1.8108198259e-01
3.1631631632e+00 1.8281685567e-01 -1.4050845706e-01 1.8284729522e-01
3.1681681682e+00 1.8459365198e-01 -1.4122008934e-01 1.8462490392e-01
3.1731731732e+00 1.8638281535e-01 -1.4193421131e-01 1.8641486613e-01
3.1781781782e+00 1.8818440721e-01 -1.4265082792e-01 1.8821723945e-01
3.1831831832e+00 1.8999847848e-01 -1.4336994411e-01 1.9003208160e-01
3.1881881882e+00 1.9182509271e-01 -1.4409156482e-01 1.9185945049e-01
3.1931931932e+00 1.9366430509e-01 -1.4481569499e-01 1.9369940413e-01
3.1981981982e+00 1.9551617167e-01 -1.4554233959e-01 1.9555200072e-01
3.2032032032e+00 1.9738075902e-01 -1.4627150356e-01 1.9741729859e-01
3.2082082082e+00 1.9925811358e-01 -1.4700319185e-01 1.9929535624e-01
3.2132132132e+00 2.0114830554e-01 -1.4773740944e-01 2.0118623228e-01
3.2182182182e+00 2.0305138504e-01 -1.4847416128e-01 2.0308998551e-01
3.2232232232e+00 2.0496742038e-01 -1.4921345233e-01 2.0500667487e-01
3.2282282282e+00 2.0689646072e-01 -1.4995528757e-01 2.0693635944e-01
3.2332332332e+00 2.0883857249e-01 -1.5069967196e-01 2.0887909844e-01
3.2382382382e+00 2.1079380918e-01 -1.5144661048e-01 2.1083495128e-01
3.2432432432e+00 2.1276223497e-01 -1.5219610812e-01 2.1280397749e-01
3.2482482482e+00 2.1474390728e-01 -1.5294816983e-01 2.1478623675e-01
3.2532532533e+00 2.1673888697e-01 -1.5370280062e-01 2.1678178889e-01
3.2582582583e+00 2.1874723407e-01 -1.5446000547e-01 2.1879069392e-01
3.2632632633e+00 2.2076900717e-01 -1.5521978937e-01 2.2081301196e-01
3.2682682683e+00 2.2280426675e-01 -1.5598215730e-01 2.2284880332e-01
3.2732732733e+00 2.2485307488e-01 -1.5674711426e-01 2.2489812842e-01
3.2782782783e+00 2.2691549551e-01 -1.5751466526e-01 2.2696104786e-01
3.2832832833e+00 2.2899157987e-01 -1.5828481530e-01 2.2903762238e-01
3.2882882883e+00 2.3108139809e-01 -1.5905756936e-01 2.3112791288e-01
3.2932932933e+00 2.3318500733e-01 -1.5983293248e-01 2.3323198040e-01
3.2982982983e+00 2.3530246325e-01 -1.6061090965e-01 2.3534988615e-01
3.3033033033e+00 2.3743384216e-01 -1.6139150588e-01 2.3748169146e-01
3.3083083083e+00 2.3957919106e-01 -1.6217472620e-01 2.3962745784e-01
3.3133133133e+00 2.4173857737e-01 -1.6296057562e-01 2.4178724695e-01
3.3183183183e+00 2.4391206464e-01 -1.6374905917e-01 2.4396112057e-01
3.3233233233e+00 2.4609971223e-01 -1.6454018186e-01 2.4614914068e-01
3.3283283283e+00 2.4830157954e-01 -1.6533394874e-01 2.4835136937e-01
3.3333333333e+00 2.5051772917e-01 -1.6613036482e-01 2.5056786892e-01
3.3383383383e+00 2.5274823820e-01 -1.6692943514e-01 2.5279870172e-01
3.3433433433e+00 2.5499314508e-01 -1.6773116475e-01 2.5504393034e-01
3.3483483483e+00 2.5725253474e-01 -1.6853555867e-01 2.5730361750e-01
3.3533533534e+00 2.5952645228e-01 -1.6934262196e-01 2.5957782607e-01
3.3583583584e+00 2.6181497566e-01 -1.7015235965e-01 2.6186661907e-01
3.3633633634e+00 2.6411815455e-01 -1.7096477680e-01 2.6417005967e-01
3.3683683684e+00 2.6643606284e-01 -1.7177987846e-01 2.6648821119e-01
3.3733733734e+00 2.6876875907e-01 -1.7259766968e-01 2.6882113713e-01
3.3783783784e+00 2.7111629946e-01 -1.7341815552e-01 2.7116890110e-01
3.3833833834e+00 2.7347877075e-01 -1.7424134105e-01 2.7353156690e-01
3.3883883884e+00 2.7585621470e-01 -1.7506723132e-01 2.7590919845e-01
3.3933933934e+00 2.7824870325e-01 -1.7589583140e-01 2.7830185986e-01
3.3983983984e+00 2.8065630111e-01 -1.7672714636e-01 2.8070961537e-01
3.4034034034e+00 2.8307907067e-01 -1.7756118128e-01 2.8313252937e-01
3.4084084084e+00 2.8551707114e-01 -1.7839794123e-01 2.8557066642e-01
3.4134134134e+00 2.8797038663e-01 -1.7923743129e-01 2.8802409121e-01
3.4184184184e+00 2.9043906006e-01 -1.8007965654e-01 2.9049286861e-01
3.4234234234e+00 2.9292316176e-01 -1.8092462206e-01 2.9297706362e-01
3.4284284284e+00 2.9542277483e-01 -1.8177233295e-01 2.9547674142e-01
3.4334334334e+00 2.9793794393e-01 -1.8262279428e-01 2.9799196732e-01
3.4384384384e+00 3.0046873813e-01 -1.8347601117e-01 3.0052280679e-01
3.4434434434e+00 3.0301522428e-01 -1.8433198870e-01 3.0306932546e-01
3.4484484484e+00 3.0557747376e-01 -1.8519073197e-01 3.0563158912e-01
3.4534534535e+00 3.0815554725e-01 -1.8605224609e-01 3.0820966368e-01
3.4584584585e+00 3.1074951374e-01 -1.8691653615e-01 3.1080361525e-01
3.4634634635e+00 3.1335943657e-01 -1.8778360728e-01 3.1341351007e-01
3.4684684685e+00 3.1598538285e-01 -1.8865346458e-01 3.1603941453e-01
3.4734734735e+00 3.1862741971e-01 -1.8952611316e-01 3.1868139518e-01
3.4784784785e+00 3.2128561219e-01 -1.9040155814e-01 3.2133951874e-01
3.4834834835e+00 3.2396002804e-01 -1.9127980465e-01 3.2401385206e-01
3.4884884885e+00 3.2665074104e-01 -1.9216085780e-01 3.2670446216e-01
3.4934934935e+00 3.2935781019e-01 -1.9304472272e-01 3.2941141621e-01
3.4984984985e+00 3.3208130195e-01 -1.9393140455e-01 3.3213478154e-01
3.5035035035e+00 3.3482128566e-01 -1.9482090841e-01 3.3487462562e-01
3.5085085085e+00 3.3757783626e-01 -1.9571323944e-01 3.3763101610e-01
3.5135135135e+00 3.4035101061e-01 -1.9660840277e-01 3.4040402075e-01
3.5185185185e+00 3.4314088129e-01 -1.9750640355e-01 3.4319370753e-01
3.5235235235e+00 3.4594751629e-01 -1.9840724693e-01 3.4600014455e-01
3.5285285285e+00 3.4877098962e-01 -1.9931093805e-01 3.4882340004e-01
3.5335335335e+00 3.5161135934e-01 -2.0021748205e-01 3.5166354244e-01
3.5385385385e+00 3.5446869586e-01 -2.0112688410e-01 3.5452064029e-01
3.5435435435e+00 3.5734307129e-01 -2.0203914935e-01 3.5739476234e-01
3.5485485485e+00 3.6023456022e-01 -2.0295428295e-01 3.6028597745e-01
3.5535535536e+00 3.6314322212e-01 -2.0387229008e-01 3.6319435466e-01
3.5585585586e+00 3.6606912859e-01 -2.0479317589e-01 3.6611996317e-01
3.5635635636e+00 3.6901235138e-01 -2.0571694555e-01 3.6906287231e-01
3.5685685686e+00 3.7197295443e-01 -2.0664360424e-01 3.7202315159e-01
3.5735735736e+00 3.7495101678e-01 -2.0757315713e-01 3.7500087067e-01
3.5785785786e+00 3.7794659886e-01 -2.0850560939e-01 3.7799609937e-01
3.5835835836e+00 3.8095977600e-01 -2.0944096621e-01 3.8100890765e-01
3.5885885886e+00 3.8399061274e-01 -2.1037923277e-01 3.8403936564e-01
3.5935935936e+00 3.8703918924e-01 -2.1132041425e-01 3.8708754363e-01
3.5985985986e+00 3.9010556845e-01 -2.1226451584e-01 3.9015351205e-01
3.6036036036e+00 3.9318982377e-01 -2.1321154274e-01 3.9323734151e-01
3.6086086086e+00 3.9629202454e-01 -2.1416150013e-01 3.9633910275e-01
3.6136136136e+00 3.9941224038e-01 -2.1511439323e-01 3.9945886669e-01
3.6186186186e+00 4.0255054268e-01 -2.1607022722e-01 4.0259670440e-01
3.6236236236e+00 4.0570700457e-01 -2.1702900732e-01 4.0575268710e-01
3.6286286286e+00 4.0888169954e-01 -2.1799073872e-01 4.0892688616e-01
3.6336336336e+00 4.1207469648e-01 -2.1895542664e-01 4.1211937314e-01
3.6386386386e+00 4.1528606421e-01 -2.1992307630e-01 4.1533021971e-01
3.6436436436e+00 4.1851587832e-01 -2.2089369290e-01 4.1855949775e-01
3.6486486486e+00 4.2176420848e-01 -2.2186728166e-01 4.2180727925e-01
3.6536536537e+00 4.2503113058e-01 -2.2284384782e-01 4.2507363639e-01
3.6586586587e+00 4.2831671286e-01 -2.2382339658e-01 4.2835864149e-01
3.6636636637e+00 4.3162102987e-01 -2.2480593319e-01 4.3166236702e-01
3.6686686687e+00 4.3494415280e-01 -2.2579146287e-01 4.3498488564e-01
3.6736736737e+00 4.3828615538e-01 -2.2677999085e-01 4.3832627015e-01
3.6786786787e+00 4.4164711002e-01 -2.2777152237e-01 4.4168659348e-01
3.6836836837e+00 4.4502709109e-01 -2.2876606267e-01 4.4506592877e-01
3.6886886887e+00 4.4842616918e-01 -2.2976361699e-01 4.4846434928e-01
3.6936936937e+00 4.5184442328e-01 -2.3076419058e-01 4.5188192844e-01
3.6986986987e+00 4.5528191988e-01 -2.3176778869e-01 4.5531873984e-01
3.7037037037e+00 4.5873873240e-01 -2.3277441657e-01 4.5877485723e-01
3.7087087087e+00 4.6221494798e-01 -2.3378407946e-01 4.6225035450e-01
3.7137137137e+00 4.6571062445e-01 -2.3479678264e-01 4.6574530573e-01
3.7187187187e+00 4.6922584369e-01 -2.3581253136e-01 4.6925978513e-01
3.7237237237e+00 4.7276067813e-01 -2.3683133088e-01 4.7279386708e-01
3.7287287287e+00 4.7631520249e-01 -2.3785318647e-01 4.7634762613e-01
3.7337337337e+00 4.7988949661e-01 -2.3887810341e-01 4.7992113697e-01
3.7387387387e+00 4.8348362547e-01 -2.3990608695e-01 4.8351447445e-01
3.7437437437e+00 4.8709766985e-01 -2.4093714238e-01 4.8712771358e-01
3.7487487487e+00 4.9073170286e-01 -2.4197127497e-01 4.9076092956e-01
3.7537537538e+00 4.9438580635e-01 -2.4300849002e-01 4.9441419769e-01
3.7587587588e+00 4.9806004699e-01 -2.4404879279e-01 4.9808759349e-01
3.7637637638e+00 5.0175450455e-01 -2.4509218858e-01 5.0178119259e-01
3.7687687688e+00 5.0546925124e-01 -2.4613868268e-01 5.0549507081e-01
3.7737737738e+00 5.0920437142e-01 -2.4718828038e-01 5.0922930411e-01
3.7787787788e+00 5.1295993144e-01 -2.4824098698e-01 5.1298396863e-01
3.7837837838e+00 5.1673601661e-01 -2.4929680778e-01 5.1675914066e-01
3.7887887888e+00 5.2053269250e-01 -2.5035574807e-01 5.2055489663e-01
3.7937937938e+00 5.2435004677e-01 -2.5141781317e-01 5.2437131317e-01
3.7987987988e+00 5.2818814773e-01 -2.5248300838e-01 5.2820846703e-01
3.8038038038e+00 5.3204707795e-01 -2.5355133902e-01 5.3206643515e-01
3.8088088088e+00 5.3592691051e-01 -2.5462281039e-01 5.3594529460e-01
3.8138138138e+00 5.3982772513e-01 -2.5569742781e-01 5.3984512264e-01
3.8188188188e+00 5.4374959606e-01 -2.5677519661e-01 5.4376599667e-01
3.8238238238e+00 5.4769260696e-01 -2.5785612211e-01 5.4770799426e-01
3.8288288288e+00 5.5165682397e-01 -2.5894020963e-01 5.5167119314e-01
3.8338338338e+00 5.5564233319e-01 -2.6002746451e-01 5.5565567119e-01
3.8388388388e+00 5.5964922689e-01 -2.6111789207e-01 5.5966150647e-01
3.8438438438e+00 5.6367754693e-01 -2.6221149764e-01 5.6368877717e-01
3.8488488488e+00 5.6772741207e-01 -2.6330828658e-01 5.6773756166e-01
3.8538538539e+00 5.7179887812e-01 -2.6440826421e-01 5.7180793848e-01
3.8588588589e+00 5.7589201271e-01 -2.6551143588e-01 5.7589998632e-01
3.8638638639e+00 5.8000692669e-01 -2.6661780694e-01 5.8001378402e-01
3.8688688689e+00 5.8414367786e-01 -2.6772738274e-01 5.8414941060e-01
3.8738738739e+00 5.8830234797e-01 -2.6884016864e-01 5.8830694522e-01
3.8788788789e+00 5.9248301281e-01 -2.6995616998e-01 5.9248646723e-01
3.8838838839e+00 5.9668574979e-01 -2.7107539212e-01 5.9668805610e-01
3.8888888889e+00 6.0091066303e-01 -2.7219784043e-01 6.0091179151e-01
3.8938938939e+00 6.0515780373e-01 -2.7332352028e-01 6.0515775326e-01
3.8988988989e+00 6.0942726542e-01 -2.7445243702e-01 6.0942602133e-01
3.9039039039e+00 6.1371912638e-01 -2.7558459604e-01 6.1371667586e-01
3.9089089089e+00 6.1803345855e-01 -2.7672000269e-01 6.1802979715e-01
3.9139139139e+00 6.2237035548e-01 -2.7785866237e-01 6.2236546566e-01
3.9189189189e+00 6.2672989144e-01 -2.7900058046e-01 6.2672376201e-01
3.9239239239e+00 6.3111214619e-01 -2.8014576232e-01 6.3110476699e-01
3.9289289289e+00 6.3551720039e-01 -2.8129421335e-01 6.3550856154e-01
3.9339339339e+00 6.3994513804e-01 -2.8244593894e-01 6.3993522678e-01
3.9389389389e+00 6.4439602816e-01 -2.8360094448e-01 6.4438484396e-01
3.9439439439e+00 6.4886997698e-01 -2.8475923536e-01 6.4885749453e-01
3.9489489489e+00 6.5336705025e-01 -2.8592081698e-01 6.5335326007e-01
3.9539539540e+00 6.5788732789e-01 -2.8708569475e-01 6.5787222234e-01
3.9589589590e+00 6.6243089784e-01 -2.8825387406e-01 6.6241446325e-01
3.9639639640e+00 6.6699783649e-01 -2.8942536031e-01 6.6698006490e-01
3.9689689690e+00 6.7158822553e-01 -2.9060015894e-01 6.7156910951e-01
3.9739739740e+00 6.7620215584e-01 -2.9177827533e-01 6.7618167950e-01
3.9789789790e+00 6.8083970124e-01 -2.9295971491e-01 6.8081785743e-01
3.9839839840e+00 6.8550094859e-01 -2.9414448310e-01 6.8547772603e-01
3.9889889890e+00 6.9018597777e-01 -2.9533258531e-01 6.9016136819e-01
3.9939939940e+00 6.9489488318e-01 -2.9652402698e-01 6.9486886697e-01
3.9989989990e+00 6.9962773344e-01 -2.9771881353e-01 6.9960030558e-01
4.0040040040e+00 7.0438461104e-01 -2.9891695039e-01 7.0435576740e-01
4.0090090090e+00 7.0916560285e-01 -3.0011844299e-01 7.0913533598e-01
4.0140140140e+00 7.1397080823e-01 -3.0132329677e-01 7.1393909502e-01
4.0190190190e+00 7.1880028902e-01 -3.0253151717e-01 7.1876712838e-01
4.0240240240e+00 7.2365414407e-01 -3.0374310963e-01 7.2361952011e-01
4.0290290290e+00 7.2853244784e-01 -3.0495807960e-01 7.2849635440e-01
4.0340340340e+00 7.3343529034e-01 -3.0617643252e-01 7.3339771560e-01
4.0390390390e+00 7.3836273784e-01 -3.0739817385e-01 7.3832368824e-01
4.0440440440e+00 7.4331491583e-01 -3.0862330903e-01 7.4327435699e-01
4.0490490490e+00 7.4829187217e-01 -3.0985184354e-01 7.4824980672e-01
4.0540540541e+00 7.5329370471e-01 -3.1108378281e-01 7.5325012242e-01
4.0590590591e+00 7.5832049571e-01 -3.1231913233e-01 7.5827538928e-01
4.0640640641e+00 7.6337233426e-01 -3.1355789756e-01 7.6332569263e-01
4.0690690691e+00 7.6844930275e-01 -3.1480008396e-01 7.6840111799e-01
4.0740740741e+00 7.7355148730e-01 -3.1604569700e-01 7.7350175100e-01
4.0790790791e+00 7.7867897517e-01 -3.1729474217e-01 7.7862767751e-01
4.0840840841e+00 7.8383184450e-01 -3.1854722494e-01 7.8377898350e-01
4.0890890891e+00 7.8901019914e-01 -3.1980315079e-01 7.8895575514e-01
4.0940940941e+00 7.9421410673e-01 -3.2106252520e-01 7.9415807875e-01
4.0990990991e+00 7.9944366577e-01 -3.2232535367e-01 7.9938604081e-01
4.1041041041e+00 8.0469895431e-01 -3.2359164167e-01 8.0463972798e-01
4.1091091091e+00 8.0998006001e-01 -3.2486139471e-01 8.0991922707e-01
4.1141141141e+00 8.1528707642e-01 -3.2613461828e-01 8.1522462506e-01
4.1191191191e+00 8.2062008850e-01 -3.2741131788e-01 8.2055600909e-01
4.1241241241e+00 8.2597917865e-01 -3.2869149901e-01 8.2591346647e-01
4.1291291291e+00 8.3136443254e-01 -3.2997516718e-01 8.3129708467e-01
4.1341341341e+00 8.3677595022e-01 -3.3126232789e-01 8.3670695134e-01
4.1391391391e+00 8.4221379826e-01 -3.3255298665e-01 8.4214315427e-01
4.1441441441e+00 8.4767809454e-01 -3.3384714898e-01 8.4760578143e-01
4.1491491491e+00 8.5316890460e-01 -3.3514482040e-01 8.5309492096e-01
4.1541541542e+00 8.5868632212e-01 -3.3644600641e-01 8.5861066114e-01
4.1591591592e+00 8.6423043414e-01 -3.3775071256e-01 8.6415309044e-01
4.1641641642e+00 8.6980132185e-01 -3.3905894436e-01 8.6972229749e-01
4.1691691692e+00 8.7539910200e-01 -3.4037070734e-01 8.7531837109e-01
4.1741741742e+00 8.8102383099e-01 -3.4168600703e-01 8.8094140018e-01
4.1791791792e+00 8.8667561293e-01 -3.4300484897e-01 8.8659147389e-01
4.1841841842e+00 8.9235453667e-01 -3.4432723870e-01 8.9226868150e-01
4.1891891892e+00 8.9806068699e-01 -3.4565318174e-01 8.9797311248e-01
4.1941941942e+00 9.0379416135e-01 -3.4698268366e-01 9.0370485644e-01
4.1991991992e+00 9.0955502075e-01 -3.4831575000e-01 9.0946400316e-01
4.2042042042e+00 9.1534341038e-01 -3.4965238630e-01 9.1525064259e-01
4.2092092092e+00 9.2115938295e-01 -3.5099259811e-01 9.2106486485e-01
4.2142142142e+00 9.2700300840e-01 -3.5233639100e-01 9.2690676023e-01
4.2192192192e+00 9.3287442817e-01 -3.5368377052e-01 9.3277641916e-01
4.2242242242e+00 9.3877370005e-01 -3.5503474224e-01 9.3867393227e-01
4.2292292292e+00 9.4470092877e-01 -3.5638931171e-01 9.4459939032e-01
4.2342342342e+00 9.5065618275e-01 -3.5774748450e-01 9.5055288427e-01
4.2392392392e+00 9.5663957718e-01 -3.5910926619e-01 9.5653450523e-01
4.2442442442e+00 9.6265118404e-01 -3.6047466235e-01 9.6254434447e-01
4.2492492492e+00 9.6869111731e-01 -3.6184367855e-01 9.6858249344e-01
4.2542542543e+00 9.7475945027e-01 -3.6321632037e-01 9.7464904375e-01
4.2592592593e+00 9.8085628183e-01 -3.6459259340e-01 9.8074408717e-01
4.2642642643e+00 9.8698170095e-01 -3.6597250323e-01 9.8686771566e-01
4.2692692693e+00 9.9313580372e-01 -3.6735605543e-01 9.9302002130e-01
4.2742742743e+00 9.9931867422e-01 -3.6874325560e-01 9.9920109640e-01
4.2792792793e+00 1.0055304027e+00 -3.7013410934e-01 1.0054110334e+00
4.2842842843e+00 1.0117710970e+00 -3.7152862224e-01 1.0116499249e+00
4.2892892893e+00 1.0180408498e+00 -3.7292679990e-01 1.0179178636e+00
4.2942942943e+00 1.0243397337e+00 -3.7432864793e-01 1.0242149426e+00
4.2992992993e+00 1.0306678502e+00 -3.7573417192e-01 1.0305412548e+00
4.3043043043e+00 1.0370252975e+00 -3.7714337750e-01 1.0368968937e+00
4.3093093093e+00 1.0434121771e+00 -3.7855627027e-01 1.0432819527e+00
4.3143143143e+00 1.0498285558e+00 -3.7997285585e-01 1.0496965253e+00
4.3193193193e+00 1.0562745579e+00 -3.8139313986e-01 1.0561407053e+00
4.3243243243e+00 1.0627502556e+00 -3.8281712791e-01 1.0626145867e+00
4.3293293293e+00 1.0692557514e+00 -3.8424482563e-01 1.0691182636e+00
4.3343343343e+00 1.0757911270e+00 -3.8567623865e-01 1.0756518303e+00
4.3393393393e+00 1.0823565011e+00 -3.8711137259e-01 1.0822153812e+00
4.3443443443e+00 1.0889519423e+00 -3.8855023310e-01 1.0888090110e+00
4.3493493493e+00 1.0955775773e+00 -3.8999282580e-01 1.0954328144e+00
4.3543543544e+00 1.1022334605e+00 -3.9143915634e-01 1.1020868863e+00
4.3593593594e+00 1.1089197186e+00 -3.9288923036e-01 1.1087713220e+00
4.3643643644e+00 1.1156364234e+00 -3.9434305349e-01 1.1154862166e+00
4.3693693694e+00 1.1223836917e+00 -3.9580063140e-01 1.1222316656e+00
4.3743743744e+00 1.1291615952e+00 -3.9726196973e-01 1.1290077647e+00
4.3793793794e+00 1.1359702623e+00 -3.9872707413e-01 1.1358146097e+00
4.3843843844e+00 1.1428097562e+00 -4.0019595026e-01 1.1426522965e+00
4.3893893894e+00 1.1496801861e+00 -4.0166860379e-01 1.1495209212e+00
4.3943943944e+00 1.1565816507e+00 -4.0314504037e-01 1.1564205801e+00
4.3993993994e+00 1.1635142437e+00 -4.0462526566e-01 1.1633513697e+00
4.4044044044e+00 1.1704780576e+00 -4.0610928535e-01 1.1703133867e+00
4.4094094094e+00 1.1774732002e+00 -4.0759710509e-01 1.1773067277e+00
4.4144144144e+00 1.1844997504e+00 -4.0908873057e-01 1.1843314899e+00
4.4194194194e+00 1.1915578168e+00 -4.1058416747e-01 1.1913877702e+00
4.4244244244e+00 1.1986474977e+00 -4.1208342145e-01 1.1984756661e+00
4.4294294294e+00 1.2057688848e+00 -4.1358649821e-01 1.2055952751e+00
4.4344344344e+00 1.2129220713e+00 -4.1509340343e-01 1.2127466946e+00
4.4394394394e+00 1.2201071644e+00 -4.1660414281e-01 1.2199300227e+00
4.4444444444e+00 1.2273242687e+00 -4.1811872203e-01 1.2271453571e+00
4.4494494494e+00 1.2345734588e+00 -4.1963714679e-01 1.2343927962e+00
4.4544544545e+00 1.2418548532e+00 -4.2115942279e-01 1.2416724382e+00
4.4594594595e+00 1.2491685394e+00 -4.2268555573e-01 1.2489843815e+00
4.4644644645e+00 1.2565146118e+00 -4.2421555131e-01 1.2563287250e+00
4.4694694695e+00 1.2638931847e+00 -4.2574941525e-01 1.2637055673e+00
4.4744744745e+00 1.2713043403e+00 -4.2728715325e-01 1.2711150075e+00
4.4794794795e+00 1.2787481827e+00 -4.2882877103e-01 1.2785571447e+00
4.4844844845e+00 1.2862248148e+00 -4.3037427430e-01 1.2860320783e+00
4.4894894895e+00 1.2937343336e+00 -4.3192366878e-01 1.2935399078e+00
4.4944944945e+00 1.3012768374e+00 -4.3347696019e-01 1.3010807328e+00
4.4994994995e+00 1.3088524161e+00 -4.3503415426e-01 1.3086546533e+00
4.5045045045e+00 1.3164611869e+00 -4.3659525672e-01 1.3162617691e+00
4.5095095095e+00 1.3241032468e+00 -4.3816027330e-01 1.3239021806e+00
4.5145145145e+00 1.3317786801e+00 -4.3972920974e-01 1.3315759880e+00
4.5195195195e+00 1.3394876035e+00 -4.4130207176e-01 1.3392832918e+00
4.5245245245e+00 1.3472301057e+00 -4.4287886512e-01 1.3470241928e+00
4.5295295295e+00 1.3550062842e+00 -4.4445959555e-01 1.3547987918e+00
4.5345345345e+00 1.3628162496e+00 -4.4604426879e-01 1.3626071899e+00
4.5395395395e+00 1.3706601033e+00 -4.4763289061e-01 1.3704494882e+00
4.5445445445e+00 1.3785379374e+00 -4.4922546675e-01 1.3783257882e+00
4.5495495495e+00 1.3864498627e+00 -4.5082200297e-01 1.3862361913e+00
4.5545545546e+00 1.3943959674e+00 -4.5242250502e-01 1.3941807993e+00
4.5595595596e+00 1.4023763501e+00 -4.5402697866e-01 1.4021597141e+00
4.5645645646e+00 1.4103911222e+00 -4.5563542967e-01 1.4101730376e+00
4.5695695696e+00 1.4184403951e+00 -4.5724786380e-01 1.4182208723e+00
4.5745745746e+00 1.4265242419e+00 -4.5886428683e-01 1.4263033203e+00
4.5795795796e+00 1.4346427807e+00 -4.6048470453e-01 1.4344204844e+00
4.5845845846e+00 1.4427961191e+00 -4.6210912267e-01 1.4425724672e+00
4.5895895896e+00 1.4509843335e+00 -4.6373754704e-01 1.4507593716e+00
4.5945945946e+00 1.4592075348e+00 -4.6536998342e-01 1.4589813008e+00
4.5995995996e+00 1.4674658315e+00 -4.6700643759e-01 1.4672383579e+00
4.6046046046e+00 1.4757593145e+00 -4.6864691533e-01 1.4755306464e+00
4.6096096096e+00 1.4840880759e+00 -4.7029142245e-01 1.4838582699e+00
4.6146146146e+00 1.4924522035e+00 -4.7193996473e-01 1.4922213322e+00
4.6196196196e+00 1.5008517804e+00 -4.7359254798e-01 1.5006199371e+00
4.6246246246e+00 1.5092868737e+00 -4.7524917798e-01 1.5090541888e+00
4.6296296296e+00 1.5177576932e+00 -4.7690986055e-01 1.5175241915e+00
4.6346346346e+00 1.5262643960e+00 -4.7857460148e-01 1.5260300498e+00
4.6396396396e+00 1.5348070457e+00 -4.8024340660e-01 1.5345718681e+00
4.6446446446e+00 1.5433857491e+00 -4.8191628170e-01 1.5431497514e+00
4.6496496496e+00 1.5520006505e+00 -4.8359323261e-01 1.5517638045e+00
4.6546546547e+00 1.5606518155e+00 -4.8527426514e-01 1.5604141327e+00
4.6596596597e+00 1.5693393537e+00 -4.8695938512e-01 1.5691008411e+00
4.6646646647e+00 1.5780634056e+00 -4.8864859836e-01 1.5778240354e+00
4.6696696697e+00 1.5868240184e+00 -4.9034191069e-01 1.5865838210e+00
4.6746746747e+00 1.5956213357e+00 -4.9203932795e-01 1.5953803039e+00
4.6796796797e+00 1.6044554730e+00 -4.9374085596e-01 1.6042135901e+00
4.6846846847e+00 1.6133265048e+00 -4.9544650057e-01 1.6130837856e+00
4.6896896897e+00 1.6222345607e+00 -4.9715626760e-01 1.6219909969e+00
4.6946946947e+00 1.6311797265e+00 -4.9887016291e-01 1.6309353304e+00
4.6996996997e+00 1.6401621372e+00 -5.0058819233e-01 1.6399168929e+00
4.7047047047e+00 1.6491818641e+00 -5.0231036171e-01 1.6489357911e+00
4.7097097097e+00 1.6582390484e+00 -5.0403667691e-01 1.6579921322e+00
4.7147147147e+00 1.6673337539e+00 -5.0576714377e-01 1.6670860232e+00
4.7197197197e+00 1.6764661538e+00 -5.0750176816e-01 1.6762175716e+00
4.7247247247e+00 1.6856363033e+00 -5.0924055593e-01 1.6853868849e+00
4.7297297297e+00 1.6948443084e+00 -5.1098351295e-01 1.6945940709e+00
4.7347347347e+00 1.7040903153e+00 -5.1273064508e-01 1.7038392373e+00
4.7397397397e+00 1.7133743950e+00 -5.1448195819e-01 1.7131224923e+00
4.7447447447e+00 1.7226966664e+00 -5.1623745814e-01 1.7224439442e+00
4.7497497497e+00 1.7320572352e+00 -5.1799715083e-01 1.7318037012e+00
4.7547547548e+00 1.7414561876e+00 -5.1976104211e-01 1.7412018720e+00
4.7597597598e+00 1.7508937266e+00 -5.2152913788e-01 1.7506385653e+00
4.7647647648e+00 1.7603698581e+00 -5.2330144401e-01 1.7601138901e+00
4.7697697698e+00 1.7698847089e+00 -5.2507796640e-01 1.7696279555e+00
4.7747747748e+00 1.7794384224e+00 -5.2685871092e-01 1.7791808706e+00
4.7797797798e+00 1.7890310947e+00 -5.2864368348e-01 1.7887727450e+00
4.7847847848e+00 1.7986628297e+00 -5.3043288997e-01 1.7984036884e+00
4.7897897898e+00 1.8083337257e+00 -5.3222633628e-01 1.8080738103e+00
4.7947947948e+00 1.8180438895e+00 -5.3402402832e-01 1.8177832209e+00
4.7997997998e+00 1.8277934910e+00 -5.3582597200e-01 1.8275320303e+00
4.8048048048e+00 1.8375825662e+00 -5.3763217321e-01 1.8373203488e+00
4.8098098098e+00 1.8474112597e+00 -5.3944263787e-01 1.8471482868e+00
4.8148148148e+00 1.8572796665e+00 -5.4125737190e-01 1.8570159550e+00
4.8198198198e+00 1.8671879082e+00 -5.4307638120e-01 1.8669234643e+00
4.8248248248e+00 1.8771361136e+00 -5.4489967170e-01 1.8768709256e+00
4.8298298298e+00 1.8871243646e+00 -5.4672724932e-01 1.8868584502e+00
4.8348348348e+00 1.8971527747e+00 -5.4855911998e-01 1.8968861493e+00
4.8398398398e+00 1.9072214656e+00 -5.5039528962e-01 1.9069541345e+00
4.8448448448e+00 1.9173305294e+00 -5.5223576416e-01 1.9170625175e+00
4.8498498498e+00 1.9274801009e+00 -5.5408054954e-01 1.9272114102e+00
4.8548548549e+00 1.9376703077e+00 -5.5592965169e-01 1.9374009247e+00
4.8598598599e+00 1.9479012119e+00 -5.5778307655e-01 1.9476311730e+00
4.8648648649e+00 1.9581729648e+00 -5.5964083007e-01 1.9579022677e+00
4.8698698699e+00 1.9684856578e+00 -5.6150291820e-01 1.9682143213e+00
4.8748748749e+00 1.9788394185e+00 -5.6336934687e-01 1.9785674466e+00
4.8798798799e+00 1.9892343353e+00 -5.6524012205e-01 1.9889617564e+00
4.8848848849e+00 1.9996705627e+00 -5.6711524968e-01 1.9993973639e+00
4.8898898899e+00 2.0101481742e+00 -5.6899473574e-01 2.0098743824e+00
4.8948948949e+00 2.0206672790e+00 -5.7087858617e-01 2.0203929251e+00
4.8998998999e+00 2.0312280379e+00 -5.7276680693e-01 2.0309531059e+00
4.9049049049e+00 2.0418305223e+00 -5.7465940401e-01 2.0415550385e+00
4.9099099099e+00 2.0524748578e+00 -5.7655638336e-01 2.0521988368e+00
4.9149149149e+00 2.0631611655e+00 -5.7845775097e-01 2.0628846150e+00
4.9199199199e+00 2.0738895372e+00 -5.8036351279e-01 2.0736124874e+00
4.9249249249e+00 2.0846601092e+00 -5.8227367482e-01 2.0843825684e+00
4.9299299299e+00 2.0954729843e+00 -5.8418824304e-01 2.0951949729e+00
4.9349349349e+00 2.1063282802e+00 -5.8610722342e-01 2.1060498155e+00
4.9399399399e+00 2.1172261016e+00 -5.8803062197e-01 2.1169472113e+00
4.9449449449e+00 2.1281665990e+00 -5.8995844466e-01 2.1278872755e+00
4.9499499499e+00 2.1391498358e+00 -5.9189069749e-01 2.1388701235e+00
4.9549549550e+00 2.1501759773e+00 -5.9382738646e-01 2.1498958708e+00
4.9599599600e+00 2.1612451092e+00 -5.9576851757e-01 2.1609646331e+00
4.9649649650e+00 2.1723573288e+00 -5.9771409681e-01 2.1720765264e+00
4.9699699700e+00 2.1835128022e+00 -5.9966413021e-01 2.1832316666e+00
4.9749749750e+00 2.1947116011e+00 -6.0161862375e-01 2.1944301700e+00
4.9799799800e+00 2.2059538353e+00 -6.0357758347e-01 2.2056721531e+00
4.9849849850e+00 2.2172397034e+00 -6.0554101536e-01 2.2169577324e+00
4.9899899900e+00 2.2285691952e+00 -6.0750892545e-01 2.2282870247e+00
4.9949949950e+00 2.2399425496e+00 -6.0948131975e-01 2.2396601470e+00
5.0000000000e+00 2.2513597899e+00 -6.1145820430e-01 2.2510772163e+00
