# S_vals,  V_ht_pi,   V_ht_pi_over4,   V_ht_pi_by4
0.0000000000e+00 0.0000000000e+00 0.0000000000e+00 0.0000000000e+00
2.0020020020e-04 1.5014266557e-03 1.4606041471e-03 1.5403384784e-03
4.0040040040e-04 5.9678940827e-03 5.8046601061e-03 6.1234639333e-03
6.0060060060e-04 1.3340705799e-02 1.2973467869e-02 1.3690620132e-02
8.0080080080e-04 2.3558539593e-02 2.2905584708e-02 2.4180500415e-02
1.0010010010e-03 3.6557468134e-02 3.5536845454e-02 3.7529268473e-02
1.2012012012e-03 5.2270987110e-02 5.0800390178e-02 5.3670586721e-02
1.4014014014e-03 7.0630050235e-02 6.8626698601e-02 7.2535651598e-02
1.6016016016e-03 9.1563110311e-02 8.8943630427e-02 9.4053234994e-02
1.8018018018e-03 1.1499616546e-01 1.1167647071e-01 1.1814973090e-01
2.0020020020e-03 1.4085280956e-01 1.3674797927e-01 1.4474920635e-01
2.2022022022e-03 1.6905428597e-01 1.6407844327e-01 1.7377345563e-01
2.4024024024e-03 1.9951954346e-01 1.9358573181e-01 2.0514205688e-01
2.6026026026e-03 2.3216529362e-01 2.2518535191e-01 2.3877243010e-01
2.8028028028e-03 2.6690606873e-01 2.5879050466e-01 2.7457989580e-01
3.0030030030e-03 3.0365427951e-01 2.9431214117e-01 3.1247773344e-01
3.2032032032e-03 3.4232027188e-01 3.3165901728e-01 3.5237723915e-01
3.4034034034e-03 3.8281238244e-01 3.7073774673e-01 3.9418778196e-01
3.6036036036e-03 4.2503699194e-01 4.1145285217e-01 4.3781685841e-01
3.8038038038e-03 4.6889857660e-01 4.5370681362e-01 4.8317014477e-01
4.0040040040e-03 5.1429975686e-01 4.9740011410e-01 5.3015154704e-01
4.2042042042e-03 5.6114134353e-01 5.4243128232e-01 5.7866324820e-01
4.4044044044e-03 6.0932238096e-01 5.8869693196e-01 6.2860575277e-01
4.6046046046e-03 6.5874018754e-01 6.3609179778e-01 6.7987792868e-01
4.8048048048e-03 7.0929039311e-01 6.8450876819e-01 7.3237704624e-01
5.0050050050e-03 7.6086697369e-01 7.3383891439e-01 7.8599881449e-01
5.2052052052e-03 8.1336228329e-01 7.8397151595e-01 8.4063741484e-01
5.4054054054e-03 8.6666708306e-01 8.3479408286e-01 8.9618553219e-01
5.6056056056e-03 9.2067056781e-01 8.8619237388e-01 9.5253438356e-01
5.8058058058e-03 9.7526039000e-01 9.3805041120e-01 1.0095737445e+00
6.0060060060e-03 1.0303226813e+00 9.9025049125e-01 1.0671919732e+00
6.2062062062e-03 1.0857420720e+00 1.0426731914e+00 1.1252760326e+00
6.4064064064e-03 1.1414017079e+00 1.0951973725e+00 1.1837115108e+00
6.6066066066e-03 1.1971832654e+00 1.1477001762e+00 1.2423826392e+00
6.8068068068e-03 1.2529669642e+00 1.2000570176e+00 1.3011723097e+00
7.0070070070e-03 1.3086315787e+00 1.2521415715e+00 1.3599620897e+00
7.2072072072e-03 1.3640544464e+00 1.3038257515e+00 1.4186322360e+00
7.4074074074e-03 1.4191114755e+00 1.3549796805e+00 1.4770617074e+00
7.6076076076e-03 1.4736771497e+00 1.4054716504e+00 1.5351281763e+00
7.8078078078e-03 1.5276245318e+00 1.4551680689e+00 1.5927080389e+00
8.0080080080e-03 1.5808252645e+00 1.5039333870e+00 1.6496764241e+00
8.2082082082e-03 1.6331495696e+00 1.5516300041e+00 1.7059072026e+00
8.4084084084e-03 1.6844662447e+00 1.5981181382e+00 1.7612729936e+00
8.6086086086e-03 1.7346426577e+00 1.6432556479e+00 1.8156451720e+00
8.8088088088e-03 1.7835447374e+00 1.6868977821e+00 1.8688938741e+00
9.0090090090e-03 1.8310369620e+00 1.7288968140e+00 1.9208880028e+00
9.2092092092e-03 1.8769823429e+00 1.7691014839e+00 1.9714952324e+00
9.4094094094e-03 1.9212424036e+00 1.8073560962e+00 2.0205820123e+00
9.6096096096e-03 1.9636771531e+00 1.8434989329e+00 2.0680135706e+00
9.8098098098e-03 2.0041450512e+00 1.8773590982e+00 2.1136539170e+00
1.0010010010e-02 2.0425029648e+00 1.9087488704e+00 2.1573658446e+00
1.0210210210e-02 2.0786061100e+00 1.9374354689e+00 2.1990109322e+00
1.0410410410e-02 2.1123079778e+00 1.9630285684e+00 2.2384495454e+00
1.0610610611e-02 2.1434602336e+00 1.9857935155e+00 2.2755408372e+00
1.0810810811e-02 2.1719125817e+00 2.0056958070e+00 2.3101427483e+00
1.1011011011e-02 2.1975125744e+00 2.0225863661e+00 2.3421120066e+00
1.1211211211e-02 2.2201053361e+00 2.0363148011e+00 2.3713041265e+00
1.1411411411e-02 2.2395331439e+00 2.0467294063e+00 2.3975734074e+00
1.1611611612e-02 2.2556347514e+00 2.0536771627e+00 2.4207729310e+00
1.1811811812e-02 2.2682442051e+00 2.0570037377e+00 2.4407545590e+00
1.2012012012e-02 2.2771885099e+00 2.0565534846e+00 2.4573689291e+00
1.2212212212e-02 2.2822820455e+00 2.0521694425e+00 2.4704654502e+00
1.2412412412e-02 2.2833067368e+00 2.0436933346e+00 2.4798922968e+00
1.2612612613e-02 2.2799155335e+00 2.0309655671e+00 2.4854964019e+00
1.2812812813e-02 2.2722512856e+00 2.0138252269e+00 2.4871234485e+00
1.3013013013e-02 2.2602679221e+00 1.9921100795e+00 2.4846178593e+00
1.3213213213e-02 2.2438072404e+00 1.9656565653e+00 2.4778227839e+00
1.3413413413e-02 2.2227098310e+00 1.9342997963e+00 2.4665800839e+00
1.3613613614e-02 2.1968150782e+00 1.8978735511e+00 2.4507303134e+00
1.3813813814e-02 2.1659611599e+00 1.8562102697e+00 2.4301126963e+00
1.4014014014e-02 2.1299850481e+00 1.8091410467e+00 2.4045650964e+00
1.4214214214e-02 2.0887225087e+00 1.7564956232e+00 2.3739239806e+00
1.4414414414e-02 2.0420081017e+00 1.6981023772e+00 2.3380243706e+00
1.4614614615e-02 1.9896751806e+00 1.6337883117e+00 2.2966997798e+00
1.4814814815e-02 1.9315558925e+00 1.5633790406e+00 2.2497821284e+00
1.5015015015e-02 1.8674811773e+00 1.4866987709e+00 2.1971016252e+00
1.5215215215e-02 1.7972807671e+00 1.4035702804e+00 2.1384865982e+00
1.5415415415e-02 1.7207831857e+00 1.3138148900e+00 2.0737632413e+00
1.5615615616e-02 1.6378157475e+00 1.2172524279e+00 2.0027552102e+00
1.5815815816e-02 1.5482045563e+00 1.1137011829e+00 1.9252829322e+00
1.6016016016e-02 1.4517745039e+00 1.0029778416e+00 1.8411622854e+00
1.6216216216e-02 1.3483492690e+00 8.8489740294e-01 1.7502016112e+00
1.6416416416e-02 1.2377513149e+00 7.5927305609e-01 1.6521924193e+00
1.6616616617e-02 1.1198018876e+00 6.2591600042e-01 1.5468408557e+00
1.6816816817e-02 9.9432101336e-01 4.8463516488e-01 1.4340826108e+00
1.7017017017e-02 8.6112749574e-01 3.3523673923e-01 1.3138876888e+00
1.7217217217e-02 7.2003891238e-01 1.7752331173e-01 1.1860784827e+00
1.7417417417e-02 5.7087161112e-01 1.1292034338e-02 1.0504762500e+00
1.7617617618e-02 4.1344070538e-01 -1.6367040626e-01 9.0690111263e-01
1.7817817818e-02 2.4756006893e-01 -3.4761637237e-01 7.5517205734e-01
1.8018018018e-02 7.3042329498e-02 -5.4078253169e-01 5.9510693543e-01
1.8218218218e-02 -1.1030113874e-01 -7.4315687053e-01 4.2652246303e-01
1.8418418418e-02 -3.0266022416e-01 -9.5493445514e-01 2.4923422099e-01
1.8618618619e-02 -5.0422608868e-01 -1.1763118016e+00 6.3056654947e-02
1.8818818819e-02 -7.1519118113e-01 -1.4074866834e+00 -1.3219692474e-01
1.9019019019e-02 -9.3574925387e-01 -1.6486581317e+00 -3.3671434303e-01
1.9219219219e-02 -1.1660953836e+00 -1.9000264346e+00 -5.5068456025e-01
1.9419419419e-02 -1.4064259982e+00 -2.1617931375e+00 -7.7429767224e-01
1.9619619620e-02 -1.6569389112e+00 -2.4341610425e+00 -1.0077449104e+00
1.9819819820e-02 -1.9178333681e+00 -2.7173342088e+00 -1.2512186420e+00
2.0020020020e-02 -2.1893101092e+00 -3.0115179520e+00 -1.5049123702e+00
2.0220220220e-02 -2.4715714592e+00 -3.3169188446e+00 -1.7690207341e+00
2.0420420420e-02 -2.7648214576e+00 -3.6337447152e+00 -2.0437395096e+00
2.0620620621e-02 -3.0692660611e+00 -3.9622046491e+00 -2.3292656089e+00
2.0820820821e-02 -3.3851134773e+00 -4.3025089877e+00 -2.6257970813e+00
2.1021021021e-02 -3.7125747691e+00 -4.6548693285e+00 -2.9335331135e+00
2.1221221221e-02 -4.0518651057e+00 -5.0194985252e+00 -3.2526740297e+00
2.1421421421e-02 -4.4032070207e+00 -5.3966106874e+00 -3.5834212924e+00
2.1621621622e-02 -4.7668450830e+00 -5.7864211808e+00 -3.9259775027e+00
2.1821821822e-02 -5.1430535831e+00 -6.1891466267e+00 -4.2805464009e+00
2.2022022022e-02 -5.5318739439e+00 -6.6050049023e+00 -4.6473328672e+00
2.2222222222e-02 -5.9335060126e+00 -7.0342151406e+00 -5.0265429220e+00
2.2422422422e-02 -6.3481620512e+00 -7.4769977299e+00 -5.4183837271e+00
2.2622622623e-02 -6.7760555017e+00 -7.9335743145e+00 -5.8230635866e+00
2.2822822823e-02 -7.2174009856e+00 -8.4041677939e+00 -6.2407919474e+00
2.3023023023e-02 -7.6724143039e+00 -8.8890023231e+00 -6.6717794005e+00
2.3223223223e-02 -8.1413124372e+00 -9.3883033127e+00 -7.1162376826e+00
2.3423423423e-02 -8.6243135457e+00 -9.9022974284e+00 -7.5743796767e+00
2.3623623624e-02 -9.1216369688e+00 -1.0431212591e+01 -8.0464194145e+00
2.3823823824e-02 -9.6335032257e+00 -1.0975277978e+01 -8.5325720773e+00
2.4024024024e-02 -1.0160134014e+01 -1.1534724020e+01 -9.0330539989e+00
2.4224224224e-02 -1.0701752213e+01 -1.2109782404e+01 -9.5480826672e+00
2.4424424424e-02 -1.1258581877e+01 -1.2700686072e+01 -1.0077876727e+01
2.4624624625e-02 -1.1830848245e+01 -1.3307669221e+01 -1.0622655984e+01
2.4824824825e-02 -1.2418777730e+01 -1.3930967303e+01 -1.1182641408e+01
2.5025025025e-02 -1.3022597927e+01 -1.4570817026e+01 -1.1758055134e+01
2.5225225225e-02 -1.3642537610e+01 -1.5227456350e+01 -1.2349120474e+01
2.5425425425e-02 -1.4278826732e+01 -1.5901124494e+01 -1.2956061916e+01
2.5625625626e-02 -1.4931696423e+01 -1.6592061929e+01 -1.3579105136e+01
2.5825825826e-02 -1.5601378996e+01 -1.7300510382e+01 -1.4218477007e+01
2.6026026026e-02 -1.6288107940e+01 -1.8026712835e+01 -1.4874405605e+01
2.6226226226e-02 -1.6992117922e+01 -1.8770913525e+01 -1.5547120228e+01
2.6426426426e-02 -1.7713644793e+01 -1.9533357943e+01 -1.6236851412e+01
2.6626626627e-02 -1.8452925576e+01 -2.0314292834e+01 -1.6943830955e+01
2.6826826827e-02 -1.9210198480e+01 -2.1113966201e+01 -1.7668291944e+01
2.7027027027e-02 -1.9985702887e+01 -2.1932627299e+01 -1.8410468802e+01
2.7227227227e-02 -2.0779679361e+01 -2.2770526639e+01 -1.9170597343e+01
2.7427427427e-02 -2.1592369644e+01 -2.3627915985e+01 -1.9948914858e+01
2.7627627628e-02 -2.2424016657e+01 -2.4505048357e+01 -2.0745660253e+01
2.7827827828e-02 -2.3274864501e+01 -2.5402178030e+01 -2.1561074261e+01
2.8028028028e-02 -2.4145158452e+01 -2.6319560534e+01 -2.2395399841e+01
2.8228228228e-02 -2.5035144969e+01 -2.7257452652e+01 -2.3248882984e+01
2.8428428428e-02 -2.5945071689e+01 -2.8216112423e+01 -2.4121774777e+01
2.8628628629e-02 -2.6875187424e+01 -2.9195799139e+01 -2.5014340105e+01
2.8828828829e-02 -2.7825742170e+01 -3.0196773348e+01 -2.5926871552e+01
2.9029029029e-02 -2.8796987098e+01 -3.1219296853e+01 -2.6859500000e+01
2.9229229229e-02 -2.9789174559e+01 -3.2263632711e+01 -2.7812457736e+01
2.9429429429e-02 -3.0802558083e+01 -3.3330045232e+01 -2.8785991000e+01
2.9629629630e-02 -3.1837392377e+01 -3.4418799982e+01 -2.9780347163e+01
2.9829829830e-02 -3.2893933330e+01 -3.5530163783e+01 -3.0795774721e+01
3.0030030030e-02 -3.3972438006e+01 -3.6664404708e+01 -3.1832523297e+01
3.0230230230e-02 -3.5073164650e+01 -3.7821792088e+01 -3.2890843640e+01
3.0430430430e-02 -3.6196372684e+01 -3.9002596506e+01 -3.3970987627e+01
3.0630630631e-02 -3.7342322710e+01 -4.0207089801e+01 -3.5073208261e+01
3.0830830831e-02 -3.8511276508e+01 -4.1435545065e+01 -3.6197759673e+01
3.1031031031e-02 -3.9703497036e+01 -4.2688236646e+01 -3.7344897118e+01
3.1231231231e-02 -4.0919248432e+01 -4.3965440145e+01 -3.8514876981e+01
3.1431431431e-02 -4.2158796010e+01 -4.5267432418e+01 -3.9707956770e+01
3.1631631632e-02 -4.3422406267e+01 -4.6594491577e+01 -4.0924395125e+01
3.1831831832e-02 -4.4710346873e+01 -4.7946896986e+01 -4.2164451806e+01
3.2032032032e-02 -4.6022886681e+01 -4.9324929265e+01 -4.3428387706e+01
3.2232232232e-02 -4.7360295721e+01 -5.0728870287e+01 -4.4716464840e+01
3.2432432432e-02 -4.8722845201e+01 -5.2159003181e+01 -4.6028946353e+01
3.2632632633e-02 -5.0110807508e+01 -5.3615612330e+01 -4.7366096514e+01
3.2832832833e-02 -5.1524456207e+01 -5.5098983369e+01 -4.8728180720e+01
3.3033033033e-02 -5.2964066042e+01 -5.6609403191e+01 -5.0115465495e+01
3.3233233233e-02 -5.4429912936e+01 -5.8147159942e+01 -5.1528218488e+01
3.3433433433e-02 -5.5922273990e+01 -5.9712543021e+01 -5.2966708478e+01
3.3633633634e-02 -5.7441427483e+01 -6.1305843084e+01 -5.4431205366e+01
3.3833833834e-02 -5.8987652874e+01 -6.2927352038e+01 -5.5921980183e+01
3.4034034034e-02 -6.0561230797e+01 -6.4577363047e+01 -5.7439305085e+01
3.4234234234e-02 -6.2162443069e+01 -6.6256170528e+01 -5.8983453357e+01
3.4434434434e-02 -6.3791572683e+01 -6.7964070153e+01 -6.0554699406e+01
3.4634634635e-02 -6.5448903810e+01 -6.9701358849e+01 -6.2153318771e+01
3.4834834835e-02 -6.7134721800e+01 -7.1468334796e+01 -6.3779588114e+01
3.5035035035e-02 -6.8849313183e+01 -7.3265297428e+01 -6.5433785224e+01
3.5235235235e-02 -7.0592965665e+01 -7.5092547435e+01 -6.7116189017e+01
3.5435435435e-02 -7.2365968132e+01 -7.6950386760e+01 -6.8827079537e+01
3.5635635636e-02 -7.4168610648e+01 -7.8839118601e+01 -7.0566737953e+01
3.5835835836e-02 -7.6001184455e+01 -8.0759047410e+01 -7.2335446560e+01
3.6036036036e-02 -7.7863981974e+01 -8.2710478893e+01 -7.4133488782e+01
3.6236236236e-02 -7.9757296804e+01 -8.4693720010e+01 -7.5961149166e+01
3.6436436436e-02 -8.1681423724e+01 -8.6709078977e+01 -7.7818713388e+01
3.6636636637e-02 -8.3636658689e+01 -8.8756865262e+01 -7.9706468252e+01
3.6836836837e-02 -8.5623298833e+01 -9.0837389590e+01 -8.1624701685e+01
3.7037037037e-02 -8.7641642469e+01 -9.2950963938e+01 -8.3573702742e+01
3.7237237237e-02 -8.9691989090e+01 -9.5097901537e+01 -8.5553761605e+01
3.7437437437e-02 -9.1774639364e+01 -9.7278516874e+01 -8.7565169583e+01
3.7637637638e-02 -9.3889895139e+01 -9.9493125690e+01 -8.9608219110e+01
3.7837837838e-02 -9.6038059442e+01 -1.0174204498e+02 -9.1683203748e+01
3.8038038038e-02 -9.8219436479e+01 -1.0402559299e+02 -9.3790418185e+01
3.8238238238e-02 -1.0043433163e+02 -1.0634408923e+02 -9.5930158234e+01
3.8438438438e-02 -1.0268305146e+02 -1.0869785445e+02 -9.8102720838e+01
3.8638638639e-02 -1.0496590371e+02 -1.1108721066e+02 -1.0030840406e+02
3.8838838839e-02 -1.0728319729e+02 -1.1351248114e+02 -1.0254750710e+02
3.9039039039e-02 -1.0963524231e+02 -1.1597399040e+02 -1.0482033028e+02
3.9239239239e-02 -1.1202235004e+02 -1.1847206421e+02 -1.0712717504e+02
3.9439439439e-02 -1.1444483292e+02 -1.2100702961e+02 -1.0946834395e+02
3.9639639640e-02 -1.1690300460e+02 -1.2357921488e+02 -1.1184414072e+02
3.9839839840e-02 -1.1939717989e+02 -1.2618894955e+02 -1.1425487018e+02
4.0040040040e-02 -1.2192767476e+02 -1.2883656441e+02 -1.1670083827e+02
4.0240240240e-02 -1.2449480640e+02 -1.3152239152e+02 -1.1918235207e+02
4.0440440440e-02 -1.2709889314e+02 -1.3424676418e+02 -1.2169971980e+02
4.0640640641e-02 -1.2974025451e+02 -1.3701001692e+02 -1.2425325078e+02
4.0840840841e-02 -1.3241921121e+02 -1.3981248558e+02 -1.2684325547e+02
4.1041041041e-02 -1.3513608512e+02 -1.4265450720e+02 -1.2947004546e+02
4.1241241241e-02 -1.3789119930e+02 -1.4553642010e+02 -1.3213393347e+02
4.1441441441e-02 -1.4068487799e+02 -1.4845856386e+02 -1.3483523332e+02
4.1641641642e-02 -1.4351744660e+02 -1.5142127930e+02 -1.3757425998e+02
4.1841841842e-02 -1.4638923172e+02 -1.5442490850e+02 -1.4035132955e+02
4.2042042042e-02 -1.4930056114e+02 -1.5746979479e+02 -1.4316675925e+02
4.2242242242e-02 -1.5225176379e+02 -1.6055628277e+02 -1.4602086741e+02
4.2442442442e-02 -1.5524316981e+02 -1.6368471827e+02 -1.4891397351e+02
4.2642642643e-02 -1.5827511050e+02 -1.6685544838e+02 -1.5184639814e+02
4.2842842843e-02 -1.6134791836e+02 -1.7006882147e+02 -1.5481846304e+02
4.3043043043e-02 -1.6446192703e+02 -1.7332518714e+02 -1.5783049104e+02
4.3243243243e-02 -1.6761747138e+02 -1.7662489624e+02 -1.6088280614e+02
4.3443443443e-02 -1.7081488741e+02 -1.7996830089e+02 -1.6397573342e+02
4.3643643644e-02 -1.7405451233e+02 -1.8335575445e+02 -1.6710959912e+02
4.3843843844e-02 -1.7733668451e+02 -1.8678761155e+02 -1.7028473060e+02
4.4044044044e-02 -1.8066174350e+02 -1.9026422806e+02 -1.7350145634e+02
4.4244244244e-02 -1.8403003005e+02 -1.9378596111e+02 -1.7676010595e+02
4.4444444444e-02 -1.8744188607e+02 -1.9735316909e+02 -1.8006101016e+02
4.4644644645e-02 -1.9089765464e+02 -2.0096621164e+02 -1.8340450083e+02
4.4844844845e-02 -1.9439768003e+02 -2.0462544964e+02 -1.8679091096e+02
4.5045045045e-02 -1.9794230769e+02 -2.0833124525e+02 -1.9022057466e+02
4.5245245245e-02 -2.0153188425e+02 -2.1208396186e+02 -1.9369382717e+02
4.5445445445e-02 -2.0516675751e+02 -2.1588396414e+02 -1.9721100486e+02
4.5645645646e-02 -2.0884727646e+02 -2.1973161798e+02 -2.0077244523e+02
4.5845845846e-02 -2.1257379124e+02 -2.2362729056e+02 -2.0437848688e+02
4.6046046046e-02 -2.1634665321e+02 -2.2757135028e+02 -2.0802946958e+02
4.6246246246e-02 -2.2016621487e+02 -2.3156416683e+02 -2.1172573420e+02
4.6446446446e-02 -2.2403282993e+02 -2.3560611113e+02 -2.1546762273e+02
4.6646646647e-02 -2.2794685326e+02 -2.3969755536e+02 -2.1925547830e+02
4.6846846847e-02 -2.3190864090e+02 -2.4383887296e+02 -2.2308964517e+02
4.7047047047e-02 -2.3591855010e+02 -2.4803043860e+02 -2.2697046871e+02
4.7247247247e-02 -2.3997693925e+02 -2.5227262825e+02 -2.3089829544e+02
4.7447447447e-02 -2.4408416795e+02 -2.5656581908e+02 -2.3487347298e+02
4.7647647648e-02 -2.4824059696e+02 -2.6091038956e+02 -2.3889635009e+02
4.7847847848e-02 -2.5244658822e+02 -2.6530671939e+02 -2.4296727666e+02
4.8048048048e-02 -2.5670250487e+02 -2.6975518952e+02 -2.4708660370e+02
4.8248248248e-02 -2.6100871118e+02 -2.7425618218e+02 -2.5125468334e+02
4.8448448448e-02 -2.6536557266e+02 -2.7881008083e+02 -2.5547186886e+02
4.8648648649e-02 -2.6977345594e+02 -2.8341727019e+02 -2.5973851465e+02
4.8848848849e-02 -2.7423272887e+02 -2.8807813624e+02 -2.6405497622e+02
4.9049049049e-02 -2.7874376047e+02 -2.9279306621e+02 -2.6842161021e+02
4.9249249249e-02 -2.8330692091e+02 -2.9756244859e+02 -2.7283877440e+02
4.9449449449e-02 -2.8792258158e+02 -3.0238667310e+02 -2.7730682768e+02
4.9649649650e-02 -2.9259111501e+02 -3.0726613076e+02 -2.8182613008e+02
4.9849849850e-02 -2.9731289495e+02 -3.1220121379e+02 -2.8639704275e+02
5.0050050050e-02 -3.0208829629e+02 -3.1719231572e+02 -2.9101992796e+02
5.0250250250e-02 -3.0691769511e+02 -3.2223983128e+02 -2.9569514912e+02
5.0450450450e-02 -3.1180146868e+02 -3.2734415649e+02 -3.0042307076e+02
5.0650650651e-02 -3.1673999544e+02 -3.3250568861e+02 -3.0520405852e+02
5.0850850851e-02 -3.2173365500e+02 -3.3772482617e+02 -3.1003847920e+02
5.1051051051e-02 -3.2678282817e+02 -3.4300196893e+02 -3.1492670070e+02
5.1251251251e-02 -3.3188789691e+02 -3.4833751792e+02 -3.1986909206e+02
5.1451451451e-02 -3.3704924438e+02 -3.5373187543e+02 -3.2486602343e+02
5.1651651652e-02 -3.4226725491e+02 -3.5918544497e+02 -3.2991786611e+02
5.1851851852e-02 -3.4754231402e+02 -3.6469863136e+02 -3.3502499251e+02
5.2052052052e-02 -3.5287480838e+02 -3.7027184062e+02 -3.4018777618e+02
5.2252252252e-02 -3.5826512587e+02 -3.7590548005e+02 -3.4540659177e+02
5.2452452452e-02 -3.6371365552e+02 -3.8159995822e+02 -3.5068181508e+02
5.2652652653e-02 -3.6922078757e+02 -3.8735568491e+02 -3.5601382304e+02
5.2852852853e-02 -3.7478691342e+02 -3.9317307120e+02 -3.6140299368e+02
5.3053053053e-02 -3.8041242564e+02 -3.9905252939e+02 -3.6684970619e+02
5.3253253253e-02 -3.8609771798e+02 -4.0499447305e+02 -3.7235434085e+02
5.3453453453e-02 -3.9184318540e+02 -4.1099931702e+02 -3.7791727911e+02
5.3653653654e-02 -3.9764922400e+02 -4.1706747735e+02 -3.8353890350e+02
5.3853853854e-02 -4.0351623107e+02 -4.2319937139e+02 -3.8921959771e+02
5.4054054054e-02 -4.0944460508e+02 -4.2939541772e+02 -3.9495974654e+02
5.4254254254e-02 -4.1543474570e+02 -4.3565603617e+02 -4.0075973593e+02
5.4454454454e-02 -4.2148705373e+02 -4.4198164784e+02 -4.0661995293e+02
5.4654654655e-02 -4.2760193119e+02 -4.4837267508e+02 -4.1254078572e+02
5.4854854855e-02 -4.3377978126e+02 -4.5482954149e+02 -4.1852262363e+02
5.5055055055e-02 -4.4002100831e+02 -4.6135267192e+02 -4.2456585708e+02
5.5255255255e-02 -4.4632601787e+02 -4.6794249249e+02 -4.3067087764e+02
5.5455455455e-02 -4.5269521667e+02 -4.7459943056e+02 -4.3683807799e+02
5.5655655656e-02 -4.5912901260e+02 -4.8132391474e+02 -4.4306785196e+02
5.5855855856e-02 -4.6562781474e+02 -4.8811637491e+02 -4.4936059450e+02
5.6056056056e-02 -4.7219203333e+02 -4.9497724219e+02 -4.5571670165e+02
5.6256256256e-02 -4.7882207983e+02 -5.0190694897e+02 -4.6213657064e+02
5.6456456456e-02 -4.8551836682e+02 -5.0890592888e+02 -4.6862059976e+02
5.6656656657e-02 -4.9228130811e+02 -5.1597461681e+02 -4.7516918849e+02
5.6856856857e-02 -4.9911131865e+02 -5.2311344890e+02 -4.8178273738e+02
5.7057057057e-02 -5.0600881461e+02 -5.3032286255e+02 -4.8846164814e+02
5.7257257257e-02 -5.1297421329e+02 -5.3760329642e+02 -4.9520632361e+02
5.7457457457e-02 -5.2000793320e+02 -5.4495519039e+02 -5.0201716773e+02
5.7657657658e-02 -5.2711039402e+02 -5.5237898565e+02 -5.0889458558e+02
5.7857857858e-02 -5.3428201661e+02 -5.5987512459e+02 -5.1583898337e+02
5.8058058058e-02 -5.4152322301e+02 -5.6744405089e+02 -5.2285076844e+02
5.8258258258e-02 -5.4883443643e+02 -5.7508620947e+02 -5.2993034925e+02
5.8458458458e-02 -5.5621608126e+02 -5.8280204651e+02 -5.3707813538e+02
5.8658658659e-02 -5.6366858308e+02 -5.9059200943e+02 -5.4429453755e+02
5.8858858859e-02 -5.7119236864e+02 -5.9845654692e+02 -5.5157996759e+02
5.9059059059e-02 -5.7878786586e+02 -6.0639610893e+02 -5.5893483847e+02
5.9259259259e-02 -5.8645550385e+02 -6.1441114664e+02 -5.6635956429e+02
5.9459459459e-02 -5.9419571290e+02 -6.2250211250e+02 -5.7385456025e+02
5.9659659660e-02 -6.0200892447e+02 -6.3066946021e+02 -5.8142024272e+02
5.9859859860e-02 -6.0989557120e+02 -6.3891364472e+02 -5.8905702915e+02
6.0060060060e-02 -6.1785608691e+02 -6.4723512226e+02 -5.9676533815e+02
6.0260260260e-02 -6.2589090659e+02 -6.5563435027e+02 -6.0454558944e+02
6.0460460460e-02 -6.3400046643e+02 -6.6411178749e+02 -6.1239820388e+02
6.0660660661e-02 -6.4218520378e+02 -6.7266789387e+02 -6.2032360343e+02
6.0860860861e-02 -6.5044555717e+02 -6.8130313065e+02 -6.2832221121e+02
6.1061061061e-02 -6.5878196632e+02 -6.9001796031e+02 -6.3639445144e+02
6.1261261261e-02 -6.6719487210e+02 -6.9881284657e+02 -6.4454074948e+02
6.1461461461e-02 -6.7568471660e+02 -7.0768825444e+02 -6.5276153181e+02
6.1661661662e-02 -6.8425194305e+02 -7.1664465016e+02 -6.6105722605e+02
6.1861861862e-02 -6.9289699589e+02 -7.2568250121e+02 -6.6942826092e+02
6.2062062062e-02 -7.0162032070e+02 -7.3480227635e+02 -6.7787506630e+02
6.2262262262e-02 -7.1042236428e+02 -7.4400444559e+02 -6.8639807316e+02
6.2462462462e-02 -7.1930357459e+02 -7.5328948019e+02 -6.9499771363e+02
6.2662662663e-02 -7.2826440075e+02 -7.6265785266e+02 -7.0367442094e+02
6.2862862863e-02 -7.3730529309e+02 -7.7211003676e+02 -7.1242862947e+02
6.3063063063e-02 -7.4642670310e+02 -7.8164650752e+02 -7.2126077470e+02
6.3263263263e-02 -7.5562908345e+02 -7.9126774122e+02 -7.3017129327e+02
6.3463463463e-02 -7.6491288799e+02 -8.0097421539e+02 -7.3916062291e+02
6.3663663664e-02 -7.7427857176e+02 -8.1076640881e+02 -7.4822920250e+02
6.3863863864e-02 -7.8372659095e+02 -8.2064480151e+02 -7.5737747204e+02
6.4064064064e-02 -7.9325740296e+02 -8.3060987480e+02 -7.6660587266e+02
6.4264264264e-02 -8.0287146635e+02 -8.4066211121e+02 -7.7591484660e+02
6.4464464464e-02 -8.1256924085e+02 -8.5080199456e+02 -7.8530483726e+02
6.4664664665e-02 -8.2235118740e+02 -8.6103000989e+02 -7.9477628913e+02
6.4864864865e-02 -8.3221776808e+02 -8.7134664351e+02 -8.0432964785e+02
6.5065065065e-02 -8.4216944618e+02 -8.8175238299e+02 -8.1396536017e+02
6.5265265265e-02 -8.5220668615e+02 -8.9224771715e+02 -8.2368387398e+02
6.5465465465e-02 -8.6232995363e+02 -9.0283313605e+02 -8.3348563829e+02
6.5665665666e-02 -8.7253971542e+02 -9.1350913103e+02 -8.4337110325e+02
6.5865865866e-02 -8.8283643951e+02 -9.2427619466e+02 -8.5334072011e+02
6.6066066066e-02 -8.9322059508e+02 -9.3513482078e+02 -8.6339494126e+02
6.6266266266e-02 -9.0369265247e+02 -9.4608550447e+02 -8.7353422022e+02
6.6466466466e-02 -9.1425308321e+02 -9.5712874208e+02 -8.8375901164e+02
6.6666666667e-02 -9.2490235999e+02 -9.6826503121e+02 -8.9406977129e+02
6.6866866867e-02 -9.3564095670e+02 -9.7949487070e+02 -9.0446695606e+02
6.7067067067e-02 -9.4646934840e+02 -9.9081876067e+02 -9.1495102397e+02
6.7267267267e-02 -9.5738801133e+02 -1.0022372025e+03 -9.2552243418e+02
6.7467467467e-02 -9.6839742290e+02 -1.0137506987e+03 -9.3618164695e+02
6.7667667668e-02 -9.7949806171e+02 -1.0253597532e+03 -9.4692912370e+02
6.7867867868e-02 -9.9069040753e+02 -1.0370648712e+03 -9.5776532695e+02
6.8068068068e-02 -1.0019749413e+03 -1.0488665590e+03 -9.6869072035e+02
6.8268268268e-02 -1.0133521452e+03 -1.0607653242e+03 -9.7970576869e+02
6.8468468468e-02 -1.0248225025e+03 -1.0727616758e+03 -9.9081093788e+02
6.8668668669e-02 -1.0363864976e+03 -1.0848561238e+03 -1.0020066949e+03
6.8868868869e-02 -1.0480446163e+03 -1.0970491797e+03 -1.0132935080e+03
6.9069069069e-02 -1.0597973454e+03 -1.1093413560e+03 -1.0246718465e+03
6.9269269269e-02 -1.0716451729e+03 -1.1217331668e+03 -1.0361421806e+03
6.9469469469e-02 -1.0835885880e+03 -1.1342251271e+03 -1.0477049821e+03
6.9669669670e-02 -1.0956280811e+03 -1.1468177534e+03 -1.0593607235e+03
6.9869869870e-02 -1.1077641438e+03 -1.1595115633e+03 -1.0711098786e+03
7.0070070070e-02 -1.1199972687e+03 -1.1723070758e+03 -1.0829529224e+03
7.0270270270e-02 -1.1323279498e+03 -1.1852048109e+03 -1.0948903309e+03
7.0470470470e-02 -1.1447566822e+03 -1.1982052903e+03 -1.1069225813e+03
7.0670670671e-02 -1.1572839622e+03 -1.2113090364e+03 -1.1190501518e+03
7.0870870871e-02 -1.1699102871e+03 -1.2245165733e+03 -1.1312735220e+03
7.1071071071e-02 -1.1826361557e+03 -1.2378284261e+03 -1.1435931722e+03
7.1271271271e-02 -1.1954620677e+03 -1.2512451213e+03 -1.1560095844e+03
7.1471471471e-02 -1.2083885241e+03 -1.2647671866e+03 -1.1685232411e+03
7.1671671672e-02 -1.2214160270e+03 -1.2783951510e+03 -1.1811346264e+03
7.1871871872e-02 -1.2345450799e+03 -1.2921295446e+03 -1.1938442254e+03
7.2072072072e-02 -1.2477761872e+03 -1.3059708988e+03 -1.2066525241e+03
7.2272272272e-02 -1.2611098546e+03 -1.3199197465e+03 -1.2195600099e+03
7.2472472472e-02 -1.2745465890e+03 -1.3339766216e+03 -1.2325671713e+03
7.2672672673e-02 -1.2880868984e+03 -1.3481420592e+03 -1.2456744978e+03
7.2872872873e-02 -1.3017312921e+03 -1.3624165959e+03 -1.2588824801e+03
7.3073073073e-02 -1.3154802805e+03 -1.3768007695e+03 -1.2721916101e+03
7.3273273273e-02 -1.3293343751e+03 -1.3912951188e+03 -1.2856023805e+03
7.3473473473e-02 -1.3432940888e+03 -1.4059001841e+03 -1.2991152856e+03
7.3673673674e-02 -1.3573599355e+03 -1.4206165070e+03 -1.3127308206e+03
7.3873873874e-02 -1.3715324302e+03 -1.4354446301e+03 -1.3264494816e+03
7.4074074074e-02 -1.3858120894e+03 -1.4503850975e+03 -1.3402717663e+03
7.4274274274e-02 -1.4001994304e+03 -1.4654384544e+03 -1.3541981731e+03
7.4474474474e-02 -1.4146949719e+03 -1.4806052473e+03 -1.3682292018e+03
7.4674674675e-02 -1.4292992338e+03 -1.4958860240e+03 -1.3823653531e+03
7.4874874875e-02 -1.4440127371e+03 -1.5112813335e+03 -1.3966071292e+03
7.5075075075e-02 -1.4588360040e+03 -1.5267917261e+03 -1.4109550329e+03
7.5275275275e-02 -1.4737695577e+03 -1.5424177533e+03 -1.4254095686e+03
7.5475475475e-02 -1.4888139230e+03 -1.5581599679e+03 -1.4399712415e+03
7.5675675676e-02 -1.5039696255e+03 -1.5740189238e+03 -1.4546405581e+03
7.5875875876e-02 -1.5192371920e+03 -1.5899951765e+03 -1.4694180261e+03
7.6076076076e-02 -1.5346171508e+03 -1.6060892825e+03 -1.4843041540e+03
7.6276276276e-02 -1.5501100310e+03 -1.6223017994e+03 -1.4992994519e+03
7.6476476476e-02 -1.5657163632e+03 -1.6386332865e+03 -1.5144044305e+03
7.6676676677e-02 -1.5814366788e+03 -1.6550843040e+03 -1.5296196021e+03
7.6876876877e-02 -1.5972715107e+03 -1.6716554134e+03 -1.5449454798e+03
7.7077077077e-02 -1.6132213929e+03 -1.6883471776e+03 -1.5603825779e+03
7.7277277277e-02 -1.6292868606e+03 -1.7051601606e+03 -1.5759314120e+03
7.7477477477e-02 -1.6454684500e+03 -1.7220949277e+03 -1.5915924986e+03
7.7677677678e-02 -1.6617666987e+03 -1.7391520456e+03 -1.6073663555e+03
7.7877877878e-02 -1.6781821453e+03 -1.7563320821e+03 -1.6232535015e+03
7.8078078078e-02 -1.6947153298e+03 -1.7736356062e+03 -1.6392544566e+03
7.8278278278e-02 -1.7113667931e+03 -1.7910631882e+03 -1.6553697419e+03
7.8478478478e-02 -1.7281370775e+03 -1.8086153999e+03 -1.6715998796e+03
7.8678678679e-02 -1.7450267264e+03 -1.8262928139e+03 -1.6879453931e+03
7.8878878879e-02 -1.7620362844e+03 -1.8440960045e+03 -1.7044068068e+03
7.9079079079e-02 -1.7791662972e+03 -1.8620255469e+03 -1.7209846464e+03
7.9279279279e-02 -1.7964173117e+03 -1.8800820178e+03 -1.7376794386e+03
7.9479479479e-02 -1.8137898761e+03 -1.8982659951e+03 -1.7544917113e+03
7.9679679680e-02 -1.8312845397e+03 -1.9165780578e+03 -1.7714219934e+03
7.9879879880e-02 -1.8489018529e+03 -1.9350187863e+03 -1.7884708150e+03
8.0080080080e-02 -1.8666423674e+03 -1.9535887623e+03 -1.8056387075e+03
8.0280280280e-02 -1.8845066359e+03 -1.9722885686e+03 -1.8229262031e+03
8.0480480480e-02 -1.9024952126e+03 -1.9911187894e+03 -1.8403338354e+03
8.0680680681e-02 -1.9206086526e+03 -2.0100800101e+03 -1.8578621389e+03
8.0880880881e-02 -1.9388475122e+03 -2.0291728172e+03 -1.8755116495e+03
8.1081081081e-02 -1.9572123491e+03 -2.0483977987e+03 -1.8932829040e+03
8.1281281281e-02 -1.9757037218e+03 -2.0677555437e+03 -1.9111764404e+03
8.1481481481e-02 -1.9943221903e+03 -2.0872466427e+03 -1.9291927978e+03
8.1681681682e-02 -2.0130683157e+03 -2.1068716873e+03 -1.9473325164e+03
8.1881881882e-02 -2.0319426603e+03 -2.1266312704e+03 -1.9655961377e+03
8.2082082082e-02 -2.0509457874e+03 -2.1465259862e+03 -1.9839842042e+03
8.2282282282e-02 -2.0700782617e+03 -2.1665564301e+03 -2.0024972594e+03
8.2482482482e-02 -2.0893406489e+03 -2.1867231988e+03 -2.0211358482e+03
8.2682682683e-02 -2.1087335160e+03 -2.2070268901e+03 -2.0399005164e+03
8.2882882883e-02 -2.1282574313e+03 -2.2274681034e+03 -2.0587918111e+03
8.3083083083e-02 -2.1479129639e+03 -2.2480474389e+03 -2.0778102803e+03
8.3283283283e-02 -2.1677006844e+03 -2.2687654985e+03 -2.0969564733e+03
8.3483483483e-02 -2.1876211644e+03 -2.2896228850e+03 -2.1162309406e+03
8.3683683684e-02 -2.2076749769e+03 -2.3106202027e+03 -2.1356342336e+03
8.3883883884e-02 -2.2278626959e+03 -2.3317580570e+03 -2.1551669050e+03
8.4084084084e-02 -2.2481848965e+03 -2.3530370546e+03 -2.1748295085e+03
8.4284284284e-02 -2.2686421552e+03 -2.3744578035e+03 -2.1946225991e+03
8.4484484484e-02 -2.2892350495e+03 -2.3960209129e+03 -2.2145467328e+03
8.4684684685e-02 -2.3099641582e+03 -2.4177269933e+03 -2.2346024666e+03
8.4884884885e-02 -2.3308300612e+03 -2.4395766564e+03 -2.2547903590e+03
8.5085085085e-02 -2.3518333397e+03 -2.4615705151e+03 -2.2751109692e+03
8.5285285285e-02 -2.3729745758e+03 -2.4837091837e+03 -2.2955648578e+03
8.5485485485e-02 -2.3942543531e+03 -2.5059932778e+03 -2.3161525865e+03
8.5685685686e-02 -2.4156732562e+03 -2.5284234139e+03 -2.3368747181e+03
8.5885885886e-02 -2.4372318709e+03 -2.5510002102e+03 -2.3577318164e+03
8.6086086086e-02 -2.4589307842e+03 -2.5737242858e+03 -2.3787244465e+03
8.6286286286e-02 -2.4807705843e+03 -2.5965962614e+03 -2.3998531745e+03
8.6486486486e-02 -2.5027518605e+03 -2.6196167585e+03 -2.4211185678e+03
8.6686686687e-02 -2.5248752034e+03 -2.6427864003e+03 -2.4425211947e+03
8.6886886887e-02 -2.5471412047e+03 -2.6661058111e+03 -2.4640616248e+03
8.7087087087e-02 -2.5695504572e+03 -2.6895756162e+03 -2.4857404287e+03
8.7287287287e-02 -2.5921035551e+03 -2.7131964426e+03 -2.5075581783e+03
8.7487487487e-02 -2.6148010936e+03 -2.7369689182e+03 -2.5295154464e+03
8.7687687688e-02 -2.6376436690e+03 -2.7608936723e+03 -2.5516128071e+03
8.7887887888e-02 -2.6606318791e+03 -2.7849713355e+03 -2.5738508356e+03
8.8088088088e-02 -2.6837663225e+03 -2.8092025395e+03 -2.5962301081e+03
8.8288288288e-02 -2.7070475993e+03 -2.8335879174e+03 -2.6187512021e+03
8.8488488488e-02 -2.7304763106e+03 -2.8581281035e+03 -2.6414146962e+03
8.8688688689e-02 -2.7540530586e+03 -2.8828237334e+03 -2.6642211700e+03
8.8888888889e-02 -2.7777784469e+03 -2.9076754438e+03 -2.6871712043e+03
8.9089089089e-02 -2.8016530802e+03 -2.9326838728e+03 -2.7102653810e+03
8.9289289289e-02 -2.8256775642e+03 -2.9578496597e+03 -2.7335042833e+03
8.9489489489e-02 -2.8498525061e+03 -2.9831734451e+03 -2.7568884952e+03
8.9689689690e-02 -2.8741785140e+03 -3.0086558709e+03 -2.7804186021e+03
8.9889889890e-02 -2.8986561973e+03 -3.0342975800e+03 -2.8040951904e+03
9.0090090090e-02 -2.9232861666e+03 -3.0600992169e+03 -2.8279188477e+03
9.0290290290e-02 -2.9480690336e+03 -3.0860614271e+03 -2.8518901627e+03
9.0490490490e-02 -2.9730054112e+03 -3.1121848575e+03 -2.8760097252e+03
9.0690690691e-02 -2.9980959136e+03 -3.1384701561e+03 -2.9002781261e+03
9.0890890891e-02 -3.0233411560e+03 -3.1649179723e+03 -2.9246959575e+03
9.1091091091e-02 -3.0487417548e+03 -3.1915289567e+03 -2.9492638126e+03
9.1291291291e-02 -3.0742983277e+03 -3.2183037612e+03 -2.9739822856e+03
9.1491491491e-02 -3.1000114935e+03 -3.2452430388e+03 -2.9988519722e+03
9.1691691692e-02 -3.1258818722e+03 -3.2723474440e+03 -3.0238734687e+03
9.1891891892e-02 -3.1519100849e+03 -3.2996176324e+03 -3.0490473730e+03
9.2092092092e-02 -3.1780967541e+03 -3.3270542607e+03 -3.0743742838e+03
9.2292292292e-02 -3.2044425031e+03 -3.3546579873e+03 -3.0998548011e+03
9.2492492492e-02 -3.2309479568e+03 -3.3824294713e+03 -3.1254895260e+03
9.2692692693e-02 -3.2576137410e+03 -3.4103693736e+03 -3.1512790607e+03
9.2892892893e-02 -3.2844404827e+03 -3.4384783559e+03 -3.1772240085e+03
9.3093093093e-02 -3.3114288102e+03 -3.4667570814e+03 -3.2033249738e+03
9.3293293293e-02 -3.3385793530e+03 -3.4952062146e+03 -3.2295825623e+03
9.3493493493e-02 -3.3658927415e+03 -3.5238264210e+03 -3.2559973807e+03
9.3693693694e-02 -3.3933696076e+03 -3.5526183676e+03 -3.2825700367e+03
9.3893893894e-02 -3.4210105842e+03 -3.5815827225e+03 -3.3093011394e+03
9.4094094094e-02 -3.4488163055e+03 -3.6107201551e+03 -3.3361912989e+03
9.4294294294e-02 -3.4767874067e+03 -3.6400313362e+03 -3.3632411263e+03
9.4494494494e-02 -3.5049245244e+03 -3.6695169376e+03 -3.3904512341e+03
9.4694694695e-02 -3.5332282961e+03 -3.6991776325e+03 -3.4178222356e+03
9.4894894895e-02 -3.5616993608e+03 -3.7290140954e+03 -3.4453547455e+03
9.5095095095e-02 -3.5903383584e+03 -3.7590270019e+03 -3.4730493794e+03
9.5295295295e-02 -3.6191459302e+03 -3.7892170290e+03 -3.5009067543e+03
9.5495495495e-02 -3.6481227186e+03 -3.8195848548e+03 -3.5289274882e+03
9.5695695696e-02 -3.6772693670e+03 -3.8501311589e+03 -3.5571122000e+03
9.5895895896e-02 -3.7065865202e+03 -3.8808566218e+03 -3.5854615101e+03
9.6096096096e-02 -3.7360748241e+03 -3.9117619257e+03 -3.6139760398e+03
9.6296296296e-02 -3.7657349259e+03 -3.9428477536e+03 -3.6426564115e+03
9.6496496496e-02 -3.7955674737e+03 -3.9741147901e+03 -3.6715032490e+03
9.6696696697e-02 -3.8255731171e+03 -4.0055637209e+03 -3.7005171768e+03
9.6896896897e-02 -3.8557525066e+03 -4.0371952329e+03 -3.7296988209e+03
9.7097097097e-02 -3.8861062940e+03 -4.0690100144e+03 -3.7590488083e+03
9.7297297297e-02 -3.9166351324e+03 -4.1010087548e+03 -3.7885677670e+03
9.7497497497e-02 -3.9473396759e+03 -4.1331921449e+03 -3.8182563264e+03
9.7697697698e-02 -3.9782205797e+03 -4.1655608767e+03 -3.8481151167e+03
9.7897897898e-02 -4.0092785006e+03 -4.1981156434e+03 -3.8781447695e+03
9.8098098098e-02 -4.0405140960e+03 -4.2308571396e+03 -3.9083459174e+03
9.8298298298e-02 -4.0719280250e+03 -4.2637860609e+03 -3.9387191940e+03
9.8498498498e-02 -4.1035209475e+03 -4.2969031044e+03 -3.9692652344e+03
9.8698698699e-02 -4.1352935247e+03 -4.3302089683e+03 -3.9999846745e+03
9.8898898899e-02 -4.1672464192e+03 -4.3637043522e+03 -4.0308781514e+03
9.9099099099e-02 -4.1993802944e+03 -4.3973899568e+03 -4.0619463034e+03
9.9299299299e-02 -4.2316958152e+03 -4.4312664842e+03 -4.0931897698e+03
9.9499499499e-02 -4.2641936474e+03 -4.4653346375e+03 -4.1246091911e+03
9.9699699700e-02 -4.2968744582e+03 -4.4995951215e+03 -4.1562052090e+03
9.9899899900e-02 -4.3297389159e+03 -4.5340486417e+03 -4.1879784663e+03
1.0010010010e-01 -4.3627876900e+03 -4.5686959054e+03 -4.2199296067e+03
1.0030030030e-01 -4.3960214510e+03 -4.6035376207e+03 -4.2520592754e+03
1.0050050050e-01 -4.4294408710e+03 -4.6385744972e+03 -4.2843681184e+03
1.0070070070e-01 -4.4630466227e+03 -4.6738072458e+03 -4.3168567831e+03
1.0090090090e-01 -4.4968393806e+03 -4.7092365784e+03 -4.3495259177e+03
1.0110110110e-01 -4.5308198198e+03 -4.7448632085e+03 -4.3823761718e+03
1.0130130130e-01 -4.5649886170e+03 -4.7806878504e+03 -4.4154081961e+03
1.0150150150e-01 -4.5993464499e+03 -4.8167112202e+03 -4.4486226424e+03
1.0170170170e-01 -4.6338939974e+03 -4.8529340348e+03 -4.4820201634e+03
1.0190190190e-01 -4.6686319395e+03 -4.8893570126e+03 -4.5156014133e+03
1.0210210210e-01 -4.7035609575e+03 -4.9259808731e+03 -4.5493670471e+03
1.0230230230e-01 -4.7386817339e+03 -4.9628063372e+03 -4.5833177212e+03
1.0250250250e-01 -4.7739949523e+03 -4.9998341270e+03 -4.6174540930e+03
1.0270270270e-01 -4.8095012975e+03 -5.0370649658e+03 -4.6517768209e+03
1.0290290290e-01 -4.8452014554e+03 -5.0744995782e+03 -4.6862865646e+03
1.0310310310e-01 -4.8810961132e+03 -5.1121386901e+03 -4.7209839850e+03
1.0330330330e-01 -4.9171859591e+03 -5.1499830286e+03 -4.7558697438e+03
1.0350350350e-01 -4.9534716829e+03 -5.1880333220e+03 -4.7909445042e+03
1.0370370370e-01 -4.9899539750e+03 -5.2262903000e+03 -4.8262089303e+03
1.0390390390e-01 -5.0266335274e+03 -5.2647546934e+03 -4.8616636874e+03
1.0410410410e-01 -5.0635110331e+03 -5.3034272343e+03 -4.8973094419e+03
1.0430430430e-01 -5.1005871863e+03 -5.3423086561e+03 -4.9331468613e+03
1.0450450450e-01 -5.1378626825e+03 -5.3813996935e+03 -4.9691766143e+03
1.0470470470e-01 -5.1753382181e+03 -5.4207010823e+03 -5.0053993706e+03
1.0490490490e-01 -5.2130144911e+03 -5.4602135597e+03 -5.0418158013e+03
1.0510510511e-01 -5.2508922002e+03 -5.4999378641e+03 -5.0784265783e+03
1.0530530531e-01 -5.2889720456e+03 -5.5398747350e+03 -5.1152323748e+03
1.0550550551e-01 -5.3272547286e+03 -5.5800249135e+03 -5.1522338651e+03
1.0570570571e-01 -5.3657409516e+03 -5.6203891417e+03 -5.1894317246e+03
1.0590590591e-01 -5.4044314184e+03 -5.6609681629e+03 -5.2268266299e+03
1.0610610611e-01 -5.4433268337e+03 -5.7017627219e+03 -5.2644192586e+03
1.0630630631e-01 -5.4824279035e+03 -5.7427735645e+03 -5.3022102896e+03
1.0650650651e-01 -5.5217353350e+03 -5.7840014380e+03 -5.3402004027e+03
1.0670670671e-01 -5.5612498366e+03 -5.8254470907e+03 -5.3783902791e+03
1.0690690691e-01 -5.6009721178e+03 -5.8671112724e+03 -5.4167806008e+03
1.0710710711e-01 -5.6409028893e+03 -5.9089947340e+03 -5.4553720513e+03
1.0730730731e-01 -5.6810428631e+03 -5.9510982276e+03 -5.4941653149e+03
1.0750750751e-01 -5.7213927521e+03 -5.9934225067e+03 -5.5331610773e+03
1.0770770771e-01 -5.7619532706e+03 -6.0359683261e+03 -5.5723600250e+03
1.0790790791e-01 -5.8027251342e+03 -6.0787364416e+03 -5.6117628459e+03
1.0810810811e-01 -5.8437090592e+03 -6.1217276104e+03 -5.6513702289e+03
1.0830830831e-01 -5.8849057637e+03 -6.1649425911e+03 -5.6911828642e+03
1.0850850851e-01 -5.9263159664e+03 -6.2083821433e+03 -5.7312014428e+03
1.0870870871e-01 -5.9679403876e+03 -6.2520470280e+03 -5.7714266572e+03
1.0890890891e-01 -6.0097797486e+03 -6.2959380074e+03 -5.8118592007e+03
1.0910910911e-01 -6.0518347719e+03 -6.3400558451e+03 -5.8524997679e+03
1.0930930931e-01 -6.0941061811e+03 -6.3844013056e+03 -5.8933490545e+03
1.0950950951e-01 -6.1365947012e+03 -6.4289751551e+03 -5.9344077574e+03
1.0970970971e-01 -6.1793010580e+03 -6.4737781608e+03 -5.9756765745e+03
1.0990990991e-01 -6.2222259790e+03 -6.5188110911e+03 -6.0171562049e+03
1.1011011011e-01 -6.2653701923e+03 -6.5640747157e+03 -6.0588473487e+03
1.1031031031e-01 -6.3087344277e+03 -6.6095698058e+03 -6.1007507074e+03
1.1051051051e-01 -6.3523194158e+03 -6.6552971335e+03 -6.1428669832e+03
1.1071071071e-01 -6.3961258886e+03 -6.7012574724e+03 -6.1851968800e+03
1.1091091091e-01 -6.4401545792e+03 -6.7474515972e+03 -6.2277411023e+03
1.1111111111e-01 -6.4844062219e+03 -6.7938802840e+03 -6.2705003559e+03
1.1131131131e-01 -6.5288815520e+03 -6.8405443099e+03 -6.3134753479e+03
1.1151151151e-01 -6.5735813063e+03 -6.8874444536e+03 -6.3566667863e+03
1.1171171171e-01 -6.6185062226e+03 -6.9345814949e+03 -6.4000753804e+03
1.1191191191e-01 -6.6636570399e+03 -6.9819562146e+03 -6.4437018405e+03
1.1211211211e-01 -6.7090344983e+03 -7.0295693953e+03 -6.4875468780e+03
1.1231231231e-01 -6.7546393392e+03 -7.0774218203e+03 -6.5316112055e+03
1.1251251251e-01 -6.8004723051e+03 -7.1255142744e+03 -6.5758955368e+03
1.1271271271e-01 -6.8465341398e+03 -7.1738475438e+03 -6.6204005868e+03
1.1291291291e-01 -6.8928255880e+03 -7.2224224158e+03 -6.6651270713e+03
1.1311311311e-01 -6.9393473959e+03 -7.2712396788e+03 -6.7100757074e+03
1.1331331331e-01 -6.9861003108e+03 -7.3203001228e+03 -6.7552472135e+03
1.1351351351e-01 -7.0330850810e+03 -7.3696045387e+03 -6.8006423089e+03
1.1371371371e-01 -7.0803024561e+03 -7.4191537189e+03 -6.8462617139e+03
1.1391391391e-01 -7.1277531869e+03 -7.4689484570e+03 -6.8921061503e+03
1.1411411411e-01 -7.1754380254e+03 -7.5189895478e+03 -6.9381763408e+03
1.1431431431e-01 -7.2233577247e+03 -7.5692777874e+03 -6.9844730092e+03
1.1451451451e-01 -7.2715130391e+03 -7.6198139731e+03 -7.0309968805e+03
1.1471471471e-01 -7.3199047241e+03 -7.6705989036e+03 -7.0777486809e+03
1.1491491491e-01 -7.3685335363e+03 -7.7216333785e+03 -7.1247291375e+03
1.1511511512e-01 -7.4174002337e+03 -7.7729181992e+03 -7.1719389787e+03
1.1531531532e-01 -7.4665055752e+03 -7.8244541679e+03 -7.2193789340e+03
1.1551551552e-01 -7.5158503211e+03 -7.8762420882e+03 -7.2670497340e+03
1.1571571572e-01 -7.5654352327e+03 -7.9282827650e+03 -7.3149521105e+03
1.1591591592e-01 -7.6152610725e+03 -7.9805770044e+03 -7.3630867964e+03
1.1611611612e-01 -7.6653286044e+03 -8.0331256138e+03 -7.4114545255e+03
1.1631631632e-01 -7.7156385932e+03 -8.0859294017e+03 -7.4600560332e+03
1.1651651652e-01 -7.7661918051e+03 -8.1389891782e+03 -7.5088920555e+03
1.1671671672e-01 -7.8169890072e+03 -8.1923057543e+03 -7.5579633299e+03
1.1691691692e-01 -7.8680309681e+03 -8.2458799424e+03 -7.6072705948e+03
1.1711711712e-01 -7.9193184574e+03 -8.2997125561e+03 -7.6568145900e+03
1.1731731732e-01 -7.9708522459e+03 -8.3538044104e+03 -7.7065960561e+03
1.1751751752e-01 -8.0226331055e+03 -8.4081563214e+03 -7.7566157351e+03
1.1771771772e-01 -8.0746618095e+03 -8.4627691065e+03 -7.8068743699e+03
1.1791791792e-01 -8.1269391322e+03 -8.5176435843e+03 -7.8573727046e+03
1.1811811812e-01 -8.1794658491e+03 -8.5727805748e+03 -7.9081114846e+03
1.1831831832e-01 -8.2322427368e+03 -8.6281808992e+03 -7.9590914562e+03
1.1851851852e-01 -8.2852705734e+03 -8.6838453798e+03 -8.0103133670e+03
1.1871871872e-01 -8.3385501377e+03 -8.7397748403e+03 -8.0617779655e+03
1.1891891892e-01 -8.3920822102e+03 -8.7959701057e+03 -8.1134860015e+03
1.1911911912e-01 -8.4458675721e+03 -8.8524320021e+03 -8.1654382259e+03
1.1931931932e-01 -8.4999070061e+03 -8.9091613571e+03 -8.2176353908e+03
1.1951951952e-01 -8.5542012959e+03 -8.9661589992e+03 -8.2700782493e+03
1.1971971972e-01 -8.6087512265e+03 -9.0234257584e+03 -8.3227675556e+03
1.1991991992e-01 -8.6635575840e+03 -9.0809624659e+03 -8.3757040652e+03
1.2012012012e-01 -8.7186211557e+03 -9.1387699543e+03 -8.4288885346e+03
1.2032032032e-01 -8.7739427301e+03 -9.1968490571e+03 -8.4823217214e+03
1.2052052052e-01 -8.8295230969e+03 -9.2552006093e+03 -8.5360043844e+03
1.2072072072e-01 -8.8853630468e+03 -9.3138254472e+03 -8.5899372834e+03
1.2092092092e-01 -8.9414633720e+03 -9.3727244083e+03 -8.6441211797e+03
1.2112112112e-01 -8.9978248655e+03 -9.4318983312e+03 -8.6985568352e+03
1.2132132132e-01 -9.0544483219e+03 -9.4913480560e+03 -8.7532450132e+03
1.2152152152e-01 -9.1113345365e+03 -9.5510744238e+03 -8.8081864783e+03
1.2172172172e-01 -9.1684843062e+03 -9.6110782771e+03 -8.8633819958e+03
1.2192192192e-01 -9.2258984289e+03 -9.6713604598e+03 -8.9188323326e+03
1.2212212212e-01 -9.2835777036e+03 -9.7319218168e+03 -8.9745382562e+03
1.2232232232e-01 -9.3415229306e+03 -9.7927631943e+03 -9.0305005358e+03
1.2252252252e-01 -9.3997349114e+03 -9.8538854399e+03 -9.0867199413e+03
1.2272272272e-01 -9.4582144485e+03 -9.9152894023e+03 -9.1431972438e+03
1.2292292292e-01 -9.5169623459e+03 -9.9769759315e+03 -9.1999332157e+03
1.2312312312e-01 -9.5759794083e+03 -1.0038945879e+04 -9.2569286305e+03
1.2332332332e-01 -9.6352664421e+03 -1.0101200097e+04 -9.3141842625e+03
1.2352352352e-01 -9.6948242545e+03 -1.0163739439e+04 -9.3717008876e+03
1.2372372372e-01 -9.7546536541e+03 -1.0226564761e+04 -9.4294792824e+03
1.2392392392e-01 -9.8147554505e+03 -1.0289676918e+04 -9.4875202250e+03
1.2412412412e-01 -9.8751304546e+03 -1.0353076769e+04 -9.5458244944e+03
1.2432432432e-01 -9.9357794785e+03 -1.0416765171e+04 -9.6043928708e+03
1.2452452452e-01 -9.9967033353e+03 -1.0480742986e+04 -9.6632261354e+03
1.2472472472e-01 -1.0057902840e+04 -1.0545011074e+04 -9.7223250707e+03
1.2492492492e-01 -1.0119378807e+04 -1.0609570298e+04 -9.7816904603e+03
1.2512512513e-01 -1.0181132054e+04 -1.0674421522e+04 -9.8413230888e+03
1.2532532533e-01 -1.0243163398e+04 -1.0739565610e+04 -9.9012237421e+03
1.2552552553e-01 -1.0305473660e+04 -1.0805003430e+04 -9.9613932070e+03
1.2572572573e-01 -1.0368063658e+04 -1.0870735848e+04 -1.0021832272e+04
1.2592592593e-01 -1.0430934215e+04 -1.0936763734e+04 -1.0082541725e+04
1.2612612613e-01 -1.0494086153e+04 -1.1003087957e+04 -1.0143522358e+04
1.2632632633e-01 -1.0557520297e+04 -1.1069709390e+04 -1.0204774962e+04
1.2652652653e-01 -1.0621237470e+04 -1.1136628903e+04 -1.0266300329e+04
1.2672672673e-01 -1.0685238500e+04 -1.1203847372e+04 -1.0328099252e+04
1.2692692693e-01 -1.0749524213e+04 -1.1271365672e+04 -1.0390172528e+04
1.2712712713e-01 -1.0814095438e+04 -1.1339184678e+04 -1.0452520951e+04
1.2732732733e-01 -1.0878953005e+04 -1.1407305269e+04 -1.0515145319e+04
1.2752752753e-01 -1.0944097745e+04 -1.1475728323e+04 -1.0578046431e+04
1.2772772773e-01 -1.1009530489e+04 -1.1544454720e+04 -1.0641225084e+04
1.2792792793e-01 -1.1075252072e+04 -1.1613485343e+04 -1.0704682080e+04
1.2812812813e-01 -1.1141263328e+04 -1.1682821072e+04 -1.0768418221e+04
1.2832832833e-01 -1.1207565091e+04 -1.1752462793e+04 -1.0832434308e+04
1.2852852853e-01 -1.1274158199e+04 -1.1822411390e+04 -1.0896731147e+04
1.2872872873e-01 -1.1341043491e+04 -1.1892667749e+04 -1.0961309541e+04
1.2892892893e-01 -1.1408221804e+04 -1.1963232759e+04 -1.1026170298e+04
1.2912912913e-01 -1.1475693979e+04 -1.2034107309e+04 -1.1091314223e+04
1.2932932933e-01 -1.1543460859e+04 -1.2105292287e+04 -1.1156742126e+04
1.2952952953e-01 -1.1611523285e+04 -1.2176788587e+04 -1.1222454816e+04
1.2972972973e-01 -1.1679882102e+04 -1.2248597100e+04 -1.1288453104e+04
1.2992992993e-01 -1.1748538154e+04 -1.2320718720e+04 -1.1354737801e+04
1.3013013013e-01 -1.1817492287e+04 -1.2393154343e+04 -1.1421309719e+04
1.3033033033e-01 -1.1886745350e+04 -1.2465904865e+04 -1.1488169674e+04
1.3053053053e-01 -1.1956298190e+04 -1.2538971183e+04 -1.1555318481e+04
1.3073073073e-01 -1.2026151658e+04 -1.2612354197e+04 -1.1622756954e+04
1.3093093093e-01 -1.2096306604e+04 -1.2686054807e+04 -1.1690485912e+04
1.3113113113e-01 -1.2166763880e+04 -1.2760073914e+04 -1.1758506174e+04
1.3133133133e-01 -1.2237524340e+04 -1.2834412420e+04 -1.1826818558e+04
1.3153153153e-01 -1.2308588839e+04 -1.2909071231e+04 -1.1895423886e+04
1.3173173173e-01 -1.2379958231e+04 -1.2984051250e+04 -1.1964322980e+04
1.3193193193e-01 -1.2451633374e+04 -1.3059353385e+04 -1.2033516661e+04
1.3213213213e-01 -1.2523615125e+04 -1.3134978543e+04 -1.2103005756e+04
1.3233233233e-01 -1.2595904344e+04 -1.3210927633e+04 -1.2172791088e+04
1.3253253253e-01 -1.2668501892e+04 -1.3287201565e+04 -1.2242873484e+04
1.3273273273e-01 -1.2741408629e+04 -1.3363801251e+04 -1.2313253771e+04
1.3293293293e-01 -1.2814625419e+04 -1.3440727604e+04 -1.2383932779e+04
1.3313313313e-01 -1.2888153124e+04 -1.3517981537e+04 -1.2454911337e+04
1.3333333333e-01 -1.2961992612e+04 -1.3595563965e+04 -1.2526190276e+04
1.3353353353e-01 -1.3036144747e+04 -1.3673475806e+04 -1.2597770427e+04
1.3373373373e-01 -1.3110610397e+04 -1.3751717976e+04 -1.2669652625e+04
1.3393393393e-01 -1.3185390430e+04 -1.3830291396e+04 -1.2741837702e+04
1.3413413413e-01 -1.3260485717e+04 -1.3909196985e+04 -1.2814326495e+04
1.3433433433e-01 -1.3335897129e+04 -1.3988435664e+04 -1.2887119840e+04
1.3453453453e-01 -1.3411625537e+04 -1.4068008357e+04 -1.2960218575e+04
1.3473473473e-01 -1.3487671815e+04 -1.4147915987e+04 -1.3033623538e+04
1.3493493493e-01 -1.3564036837e+04 -1.4228159479e+04 -1.3107335570e+04
1.3513513514e-01 -1.3640721479e+04 -1.4308739761e+04 -1.3181355510e+04
1.3533533534e-01 -1.3717726618e+04 -1.4389657760e+04 -1.3255684203e+04
1.3553553554e-01 -1.3795053132e+04 -1.4470914405e+04 -1.3330322489e+04
1.3573573574e-01 -1.3872701901e+04 -1.4552510625e+04 -1.3405271215e+04
1.3593593594e-01 -1.3950673803e+04 -1.4634447354e+04 -1.3480531226e+04
1.3613613614e-01 -1.4028969722e+04 -1.4716725523e+04 -1.3556103368e+04
1.3633633634e-01 -1.4107590540e+04 -1.4799346067e+04 -1.3631988488e+04
1.3653653654e-01 -1.4186537140e+04 -1.4882309921e+04 -1.3708187437e+04
1.3673673674e-01 -1.4265810408e+04 -1.4965618021e+04 -1.3784701063e+04
1.3693693694e-01 -1.4345411230e+04 -1.5049271305e+04 -1.3861530219e+04
1.3713713714e-01 -1.4425340494e+04 -1.5133270713e+04 -1.3938675756e+04
1.3733733734e-01 -1.4505599088e+04 -1.5217617184e+04 -1.4016138527e+04
1.3753753754e-01 -1.4586187902e+04 -1.5302311661e+04 -1.4093919388e+04
1.3773773774e-01 -1.4667107827e+04 -1.5387355085e+04 -1.4172019193e+04
1.3793793794e-01 -1.4748359756e+04 -1.5472748402e+04 -1.4250438800e+04
1.3813813814e-01 -1.4829944581e+04 -1.5558492556e+04 -1.4329179067e+04
1.3833833834e-01 -1.4911863196e+04 -1.5644588493e+04 -1.4408240852e+04
1.3853853854e-01 -1.4994116499e+04 -1.5731037163e+04 -1.4487625016e+04
1.3873873874e-01 -1.5076705385e+04 -1.5817839514e+04 -1.4567332420e+04
1.3893893894e-01 -1.5159630753e+04 -1.5904996495e+04 -1.4647363926e+04
1.3913913914e-01 -1.5242893502e+04 -1.5992509060e+04 -1.4727720399e+04
1.3933933934e-01 -1.5326494533e+04 -1.6080378160e+04 -1.4808402701e+04
1.3953953954e-01 -1.5410434746e+04 -1.6168604750e+04 -1.4889411701e+04
1.3973973974e-01 -1.5494715045e+04 -1.6257189785e+04 -1.4970748263e+04
1.3993993994e-01 -1.5579336333e+04 -1.6346134222e+04 -1.5052413257e+04
1.4014014014e-01 -1.5664299517e+04 -1.6435439019e+04 -1.5134407551e+04
1.4034034034e-01 -1.5749605502e+04 -1.6525105134e+04 -1.5216732016e+04
1.4054054054e-01 -1.5835255195e+04 -1.6615133529e+04 -1.5299387524e+04
1.4074074074e-01 -1.5921249505e+04 -1.6705525164e+04 -1.5382374946e+04
1.4094094094e-01 -1.6007589343e+04 -1.6796281003e+04 -1.5465695156e+04
1.4114114114e-01 -1.6094275619e+04 -1.6887402010e+04 -1.5549349030e+04
1.4134134134e-01 -1.6181309245e+04 -1.6978889150e+04 -1.5633337443e+04
1.4154154154e-01 -1.6268691135e+04 -1.7070743389e+04 -1.5717661272e+04
1.4174174174e-01 -1.6356422203e+04 -1.7162965697e+04 -1.5802321395e+04
1.4194194194e-01 -1.6444503365e+04 -1.7255557041e+04 -1.5887318692e+04
1.4214214214e-01 -1.6532935538e+04 -1.7348518393e+04 -1.5972654043e+04
1.4234234234e-01 -1.6621719640e+04 -1.7441850724e+04 -1.6058328330e+04
1.4254254254e-01 -1.6710856590e+04 -1.7535555006e+04 -1.6144342435e+04
1.4274274274e-01 -1.6800347310e+04 -1.7629632215e+04 -1.6230697242e+04
1.4294294294e-01 -1.6890192719e+04 -1.7724083325e+04 -1.6317393636e+04
1.4314314314e-01 -1.6980393742e+04 -1.7818909313e+04 -1.6404432503e+04
1.4334334334e-01 -1.7070951301e+04 -1.7914111157e+04 -1.6491814731e+04
1.4354354354e-01 -1.7161866323e+04 -1.8009689837e+04 -1.6579541207e+04
1.4374374374e-01 -1.7253139734e+04 -1.8105646332e+04 -1.6667612822e+04
1.4394394394e-01 -1.7344772461e+04 -1.8201981625e+04 -1.6756030465e+04
1.4414414414e-01 -1.7436765433e+04 -1.8298696698e+04 -1.6844795028e+04
1.4434434434e-01 -1.7529119580e+04 -1.8395792536e+04 -1.6933907404e+04
1.4454454454e-01 -1.7621835832e+04 -1.8493270124e+04 -1.7023368488e+04
1.4474474474e-01 -1.7714915122e+04 -1.8591130448e+04 -1.7113179174e+04
1.4494494494e-01 -1.7808358384e+04 -1.8689374498e+04 -1.7203340358e+04
1.4514514515e-01 -1.7902166552e+04 -1.8788003261e+04 -1.7293852938e+04
1.4534534535e-01 -1.7996340561e+04 -1.8887017729e+04 -1.7384717812e+04
1.4554554555e-01 -1.8090881350e+04 -1.8986418893e+04 -1.7475935879e+04
1.4574574575e-01 -1.8185789855e+04 -1.9086207746e+04 -1.7567508041e+04
1.4594594595e-01 -1.8281067016e+04 -1.9186385282e+04 -1.7659435200e+04
1.4614614615e-01 -1.8376713774e+04 -1.9286952497e+04 -1.7751718257e+04
1.4634634635e-01 -1.8472731071e+04 -1.9387910388e+04 -1.7844358118e+04
1.4654654655e-01 -1.8569119848e+04 -1.9489259953e+04 -1.7937355687e+04
1.4674674675e-01 -1.8665881051e+04 -1.9591002190e+04 -1.8030711872e+04
1.4694694695e-01 -1.8763015623e+04 -1.9693138101e+04 -1.8124427578e+04
1.4714714715e-01 -1.8860524513e+04 -1.9795668687e+04 -1.8218503715e+04
1.4734734735e-01 -1.8958408667e+04 -1.9898594951e+04 -1.8312941193e+04
1.4754754755e-01 -1.9056669034e+04 -2.0001917898e+04 -1.8407740923e+04
1.4774774775e-01 -1.9155306563e+04 -2.0105638532e+04 -1.8502903816e+04
1.4794794795e-01 -1.9254322207e+04 -2.0209757861e+04 -1.8598430785e+04
1.4814814815e-01 -1.9353716917e+04 -2.0314276894e+04 -1.8694322745e+04
1.4834834835e-01 -1.9453491647e+04 -2.0419196638e+04 -1.8790580611e+04
1.4854854855e-01 -1.9553647350e+04 -2.0524518105e+04 -1.8887205300e+04
1.4874874875e-01 -1.9654184984e+04 -2.0630242306e+04 -1.8984197729e+04
1.4894894895e-01 -1.9755105505e+04 -2.0736370254e+04 -1.9081558817e+04
1.4914914915e-01 -1.9856409872e+04 -2.0842902965e+04 -1.9179289483e+04
1.4934934935e-01 -1.9958099042e+04 -2.0949841453e+04 -1.9277390649e+04
1.4954954955e-01 -2.0060173978e+04 -2.1057186735e+04 -1.9375863237e+04
1.4974974975e-01 -2.0162635641e+04 -2.1164939829e+04 -1.9474708171e+04
1.4994994995e-01 -2.0265484993e+04 -2.1273101755e+04 -1.9573926373e+04
1.5015015015e-01 -2.0368722999e+04 -2.1381673532e+04 -1.9673518771e+04
1.5035035035e-01 -2.0472350623e+04 -2.1490656184e+04 -1.9773486289e+04
1.5055055055e-01 -2.0576368833e+04 -2.1600050733e+04 -1.9873829858e+04
1.5075075075e-01 -2.0680778596e+04 -2.1709858203e+04 -1.9974550404e+04
1.5095095095e-01 -2.0785580881e+04 -2.1820079620e+04 -2.0075648858e+04
1.5115115115e-01 -2.0890776657e+04 -2.1930716011e+04 -2.0177126152e+04
1.5135135135e-01 -2.0996366895e+04 -2.2041768404e+04 -2.0278983217e+04
1.5155155155e-01 -2.1102352569e+04 -2.2153237828e+04 -2.0381220987e+04
1.5175175175e-01 -2.1208734651e+04 -2.2265125314e+04 -2.0483840396e+04
1.5195195195e-01 -2.1315514116e+04 -2.2377431894e+04 -2.0586842381e+04
1.5215215215e-01 -2.1422691940e+04 -2.2490158600e+04 -2.0690227876e+04
1.5235235235e-01 -2.1530269100e+04 -2.2603306468e+04 -2.0793997822e+04
1.5255255255e-01 -2.1638246574e+04 -2.2716876533e+04 -2.0898153156e+04
1.5275275275e-01 -2.1746625341e+04 -2.2830869831e+04 -2.1002694819e+04
1.5295295295e-01 -2.1855406383e+04 -2.2945287401e+04 -2.1107623752e+04
1.5315315315e-01 -2.1964590680e+04 -2.3060130283e+04 -2.1212940897e+04
1.5335335335e-01 -2.2074179216e+04 -2.3175399516e+04 -2.1318647198e+04
1.5355355355e-01 -2.2184172974e+04 -2.3291096143e+04 -2.1424743599e+04
1.5375375375e-01 -2.2294572941e+04 -2.3407221208e+04 -2.1531231047e+04
1.5395395395e-01 -2.2405380101e+04 -2.3523775753e+04 -2.1638110488e+04
1.5415415415e-01 -2.2516595444e+04 -2.3640760825e+04 -2.1745382870e+04
1.5435435435e-01 -2.2628219958e+04 -2.3758177472e+04 -2.1853049142e+04
1.5455455455e-01 -2.2740254632e+04 -2.3876026740e+04 -2.1961110255e+04
1.5475475475e-01 -2.2852700458e+04 -2.3994309680e+04 -2.2069567160e+04
1.5495495495e-01 -2.2965558428e+04 -2.4113027343e+04 -2.2178420809e+04
1.5515515516e-01 -2.3078829536e+04 -2.4232180779e+04 -2.2287672157e+04
1.5535535536e-01 -2.3192514777e+04 -2.4351771042e+04 -2.2397322157e+04
1.5555555556e-01 -2.3306615145e+04 -2.4471799188e+04 -2.2507371766e+04
1.5575575576e-01 -2.3421131639e+04 -2.4592266271e+04 -2.2617821941e+04
1.5595595596e-01 -2.3536065257e+04 -2.4713173348e+04 -2.2728673640e+04
1.5615615616e-01 -2.3651416997e+04 -2.4834521477e+04 -2.2839927822e+04
1.5635635636e-01 -2.3767187861e+04 -2.4956311719e+04 -2.2951585448e+04
1.5655655656e-01 -2.3883378850e+04 -2.5078545134e+04 -2.3063647479e+04
1.5675675676e-01 -2.3999990967e+04 -2.5201222783e+04 -2.3176114878e+04
1.5695695696e-01 -2.4117025216e+04 -2.5324345730e+04 -2.3288988608e+04
1.5715715716e-01 -2.4234482603e+04 -2.5447915039e+04 -2.3402269635e+04
1.5735735736e-01 -2.4352364134e+04 -2.5571931777e+04 -2.3515958925e+04
1.5755755756e-01 -2.4470670817e+04 -2.5696397010e+04 -2.3630057444e+04
1.5775775776e-01 -2.4589403660e+04 -2.5821311806e+04 -2.3744566161e+04
1.5795795796e-01 -2.4708563673e+04 -2.5946677235e+04 -2.3859486046e+04
1.5815815816e-01 -2.4828151868e+04 -2.6072494367e+04 -2.3974818069e+04
1.5835835836e-01 -2.4948169257e+04 -2.6198764275e+04 -2.4090563201e+04
1.5855855856e-01 -2.5068616853e+04 -2.6325488032e+04 -2.4206722416e+04
1.5875875876e-01 -2.5189495672e+04 -2.6452666712e+04 -2.4323296687e+04
1.5895895896e-01 -2.5310806729e+04 -2.6580301391e+04 -2.4440286990e+04
1.5915915916e-01 -2.5432551041e+04 -2.6708393146e+04 -2.4557694300e+04
1.5935935936e-01 -2.5554729626e+04 -2.6836943056e+04 -2.4675519595e+04
1.5955955956e-01 -2.5677343504e+04 -2.6965952200e+04 -2.4793763853e+04
1.5975975976e-01 -2.5800393696e+04 -2.7095421658e+04 -2.4912428054e+04
1.5995995996e-01 -2.5923881223e+04 -2.7225352512e+04 -2.5031513179e+04
1.6016016016e-01 -2.6047807108e+04 -2.7355745847e+04 -2.5151020209e+04
1.6036036036e-01 -2.6172172375e+04 -2.7486602746e+04 -2.5270950127e+04
1.6056056056e-01 -2.6296978050e+04 -2.7617924296e+04 -2.5391303918e+04
1.6076076076e-01 -2.6422225159e+04 -2.7749711583e+04 -2.5512082566e+04
1.6096096096e-01 -2.6547914730e+04 -2.7881965695e+04 -2.5633287058e+04
1.6116116116e-01 -2.6674047792e+04 -2.8014687723e+04 -2.5754918382e+04
1.6136136136e-01 -2.6800625374e+04 -2.8147878757e+04 -2.5876977525e+04
1.6156156156e-01 -2.6927648508e+04 -2.8281539888e+04 -2.5999465478e+04
1.6176176176e-01 -2.7055118226e+04 -2.8415672212e+04 -2.6122383231e+04
1.6196196196e-01 -2.7183035562e+04 -2.8550276821e+04 -2.6245731776e+04
1.6216216216e-01 -2.7311401551e+04 -2.8685354811e+04 -2.6369512107e+04
1.6236236236e-01 -2.7440217228e+04 -2.8820907281e+04 -2.6493725217e+04
1.6256256256e-01 -2.7569483631e+04 -2.8956935328e+04 -2.6618372102e+04
1.6276276276e-01 -2.7699201798e+04 -2.9093440052e+04 -2.6743453759e+04
1.6296296296e-01 -2.7829372768e+04 -2.9230422553e+04 -2.6868971184e+04
1.6316316316e-01 -2.7959997582e+04 -2.9367883934e+04 -2.6994925377e+04
1.6336336336e-01 -2.8091077281e+04 -2.9505825298e+04 -2.7121317337e+04
1.6356356356e-01 -2.8222612910e+04 -2.9644247749e+04 -2.7248148066e+04
1.6376376376e-01 -2.8354605511e+04 -2.9783152395e+04 -2.7375418566e+04
1.6396396396e-01 -2.8487056131e+04 -2.9922540340e+04 -2.7503129839e+04
1.6416416416e-01 -2.8619965815e+04 -3.0062412695e+04 -2.7631282890e+04
1.6436436436e-01 -2.8753335612e+04 -3.0202770569e+04 -2.7759878724e+04
1.6456456456e-01 -2.8887166570e+04 -3.0343615072e+04 -2.7888918349e+04
1.6476476476e-01 -2.9021459740e+04 -3.0484947316e+04 -2.8018402771e+04
1.6496496496e-01 -2.9156216172e+04 -3.0626768416e+04 -2.8148333000e+04
1.6516516517e-01 -2.9291436920e+04 -3.0769079485e+04 -2.8278710045e+04
1.6536536537e-01 -2.9427123036e+04 -3.0911881640e+04 -2.8409534919e+04
1.6556556557e-01 -2.9563275575e+04 -3.1055175997e+04 -2.8540808632e+04
1.6576576577e-01 -2.9699895594e+04 -3.1198963675e+04 -2.8672532198e+04
1.6596596597e-01 -2.9836984149e+04 -3.1343245795e+04 -2.8804706632e+04
1.6616616617e-01 -2.9974542299e+04 -3.1488023476e+04 -2.8937332950e+04
1.6636636637e-01 -3.0112571104e+04 -3.1633297840e+04 -2.9070412167e+04
1.6656656657e-01 -3.0251071623e+04 -3.1779070012e+04 -2.9203945302e+04
1.6676676677e-01 -3.0390044920e+04 -3.1925341116e+04 -2.9337933375e+04
1.6696696697e-01 -3.0529492056e+04 -3.2072112277e+04 -2.9472377404e+04
1.6716716717e-01 -3.0669414096e+04 -3.2219384624e+04 -2.9607278411e+04
1.6736736737e-01 -3.0809812106e+04 -3.2367159284e+04 -2.9742637419e+04
1.6756756757e-01 -3.0950687151e+04 -3.2515437387e+04 -2.9878455451e+04
1.6776776777e-01 -3.1092040300e+04 -3.2664220064e+04 -3.0014733532e+04
1.6796796797e-01 -3.1233872622e+04 -3.2813508448e+04 -3.0151472687e+04
1.6816816817e-01 -3.1376185187e+04 -3.2963303671e+04 -3.0288673943e+04
1.6836836837e-01 -3.1518979065e+04 -3.3113606868e+04 -3.0426338329e+04
1.6856856857e-01 -3.1662255330e+04 -3.3264419176e+04 -3.0564466872e+04
1.6876876877e-01 -3.1806015055e+04 -3.3415741731e+04 -3.0703060605e+04
1.6896896897e-01 -3.1950259315e+04 -3.3567575673e+04 -3.0842120557e+04
1.6916916917e-01 -3.2094989185e+04 -3.3719922140e+04 -3.0981647762e+04
1.6936936937e-01 -3.2240205744e+04 -3.3872782274e+04 -3.1121643253e+04
1.6956956957e-01 -3.2385910069e+04 -3.4026157217e+04 -3.1262108065e+04
1.6976976977e-01 -3.2532103239e+04 -3.4180048112e+04 -3.1403043234e+04
1.6996996997e-01 -3.2678786336e+04 -3.4334456105e+04 -3.1544449796e+04
1.7017017017e-01 -3.2825960442e+04 -3.4489382340e+04 -3.1686328790e+04
1.7037037037e-01 -3.2973626639e+04 -3.4644827966e+04 -3.1828681255e+04
1.7057057057e-01 -3.3121786012e+04 -3.4800794131e+04 -3.1971508232e+04
1.7077077077e-01 -3.3270439646e+04 -3.4957281985e+04 -3.2114810761e+04
1.7097097097e-01 -3.3419588627e+04 -3.5114292678e+04 -3.2258589887e+04
1.7117117117e-01 -3.3569234044e+04 -3.5271827363e+04 -3.2402846651e+04
1.7137137137e-01 -3.3719376985e+04 -3.5429887194e+04 -3.2547582100e+04
1.7157157157e-01 -3.3870018541e+04 -3.5588473325e+04 -3.2692797279e+04
1.7177177177e-01 -3.4021159802e+04 -3.5747586912e+04 -3.2838493236e+04
1.7197197197e-01 -3.4172801862e+04 -3.5907229113e+04 -3.2984671018e+04
1.7217217217e-01 -3.4324945814e+04 -3.6067401086e+04 -3.3131331675e+04
1.7237237237e-01 -3.4477592752e+04 -3.6228103990e+04 -3.3278476258e+04
1.7257257257e-01 -3.4630743773e+04 -3.6389338988e+04 -3.3426105818e+04
1.7277277277e-01 -3.4784399974e+04 -3.6551107240e+04 -3.3574221408e+04
1.7297297297e-01 -3.4938562454e+04 -3.6713409912e+04 -3.3722824082e+04
1.7317317317e-01 -3.5093232311e+04 -3.6876248166e+04 -3.3871914894e+04
1.7337337337e-01 -3.5248410647e+04 -3.7039623171e+04 -3.4021494902e+04
1.7357357357e-01 -3.5404098564e+04 -3.7203536092e+04 -3.4171565162e+04
1.7377377377e-01 -3.5560297164e+04 -3.7367988099e+04 -3.4322126733e+04
1.7397397397e-01 -3.5717007551e+04 -3.7532980361e+04 -3.4473180674e+04
1.7417417417e-01 -3.5874230832e+04 -3.7698514050e+04 -3.4624728046e+04
1.7437437437e-01 -3.6031968113e+04 -3.7864590337e+04 -3.4776769911e+04
1.7457457457e-01 -3.6190220502e+04 -3.8031210396e+04 -3.4929307332e+04
1.7477477477e-01 -3.6348989107e+04 -3.8198375403e+04 -3.5082341372e+04
1.7497497497e-01 -3.6508275039e+04 -3.8366086532e+04 -3.5235873096e+04
1.7517517518e-01 -3.6668079410e+04 -3.8534344962e+04 -3.5389903572e+04
1.7537537538e-01 -3.6828403331e+04 -3.8703151872e+04 -3.5544433867e+04
1.7557557558e-01 -3.6989247916e+04 -3.8872508440e+04 -3.5699465048e+04
1.7577577578e-01 -3.7150614280e+04 -3.9042415848e+04 -3.5854998186e+04
1.7597597598e-01 -3.7312503540e+04 -3.9212875279e+04 -3.6011034352e+04
1.7617617618e-01 -3.7474916812e+04 -3.9383887916e+04 -3.6167574617e+04
1.7637637638e-01 -3.7637855215e+04 -3.9555454944e+04 -3.6324620055e+04
1.7657657658e-01 -3.7801319868e+04 -3.9727577549e+04 -3.6482171739e+04
1.7677677678e-01 -3.7965311893e+04 -3.9900256918e+04 -3.6640230745e+04
1.7697697698e-01 -3.8129832410e+04 -4.0073494241e+04 -3.6798798150e+04
1.7717717718e-01 -3.8294882544e+04 -4.0247290706e+04 -3.6957875030e+04
1.7737737738e-01 -3.8460463419e+04 -4.0421647505e+04 -3.7117462465e+04
1.7757757758e-01 -3.8626576159e+04 -4.0596565831e+04 -3.7277561534e+04
1.7777777778e-01 -3.8793221892e+04 -4.0772046878e+04 -3.7438173319e+04
1.7797797798e-01 -3.8960401745e+04 -4.0948091839e+04 -3.7599298901e+04
1.7817817818e-01 -3.9128116848e+04 -4.1124701911e+04 -3.7760939364e+04
1.7837837838e-01 -3.9296368331e+04 -4.1301878292e+04 -3.7923095792e+04
1.7857857858e-01 -3.9465157324e+04 -4.1479622180e+04 -3.8085769270e+04
1.7877877878e-01 -3.9634484961e+04 -4.1657934775e+04 -3.8248960884e+04
1.7897897898e-01 -3.9804352376e+04 -4.1836817279e+04 -3.8412671724e+04
1.7917917918e-01 -3.9974760702e+04 -4.2016270894e+04 -3.8576902876e+04
1.7937937938e-01 -4.0145711077e+04 -4.2196296823e+04 -3.8741655432e+04
1.7957957958e-01 -4.0317204637e+04 -4.2376896271e+04 -3.8906930483e+04
1.7977977978e-01 -4.0489242521e+04 -4.2558070445e+04 -3.9072729120e+04
1.7997997998e-01 -4.0661825869e+04 -4.2739820552e+04 -3.9239052437e+04
1.8018018018e-01 -4.0834955821e+04 -4.2922147801e+04 -3.9405901528e+04
1.8038038038e-01 -4.1008633519e+04 -4.3105053402e+04 -3.9573277489e+04
1.8058058058e-01 -4.1182860106e+04 -4.3288538565e+04 -3.9741181417e+04
1.8078078078e-01 -4.1357636728e+04 -4.3472604504e+04 -3.9909614409e+04
1.8098098098e-01 -4.1532964528e+04 -4.3657252432e+04 -4.0078577565e+04
1.8118118118e-01 -4.1708844655e+04 -4.3842483564e+04 -4.0248071984e+04
1.8138138138e-01 -4.1885278255e+04 -4.4028299116e+04 -4.0418098768e+04
1.8158158158e-01 -4.2062266478e+04 -4.4214700306e+04 -4.0588659019e+04
1.8178178178e-01 -4.2239810474e+04 -4.4401688352e+04 -4.0759753840e+04
1.8198198198e-01 -4.2417911394e+04 -4.4589264475e+04 -4.0931384337e+04
1.8218218218e-01 -4.2596570391e+04 -4.4777429895e+04 -4.1103551614e+04
1.8238238238e-01 -4.2775788619e+04 -4.4966185836e+04 -4.1276256779e+04
1.8258258258e-01 -4.2955567233e+04 -4.5155533521e+04 -4.1449500939e+04
1.8278278278e-01 -4.3135907388e+04 -4.5345474174e+04 -4.1623285205e+04
1.8298298298e-01 -4.3316810242e+04 -4.5536009023e+04 -4.1797610685e+04
1.8318318318e-01 -4.3498276954e+04 -4.5727139294e+04 -4.1972478491e+04
1.8338338338e-01 -4.3680308683e+04 -4.5918866217e+04 -4.2147889736e+04
1.8358358358e-01 -4.3862906590e+04 -4.6111191022e+04 -4.2323845533e+04
1.8378378378e-01 -4.4046071837e+04 -4.6304114939e+04 -4.2500346997e+04
1.8398398398e-01 -4.4229805587e+04 -4.6497639202e+04 -4.2677395245e+04
1.8418418418e-01 -4.4414109004e+04 -4.6691765043e+04 -4.2854991392e+04
1.8438438438e-01 -4.4598983254e+04 -4.6886493699e+04 -4.3033136557e+04
1.8458458458e-01 -4.4784429504e+04 -4.7081826405e+04 -4.3211831859e+04
1.8478478478e-01 -4.4970448922e+04 -4.7277764399e+04 -4.3391078419e+04
1.8498498498e-01 -4.5157042676e+04 -4.7474308920e+04 -4.3570877357e+04
1.8518518519e-01 -4.5344211937e+04 -4.7671461207e+04 -4.3751229798e+04
1.8538538539e-01 -4.5531957877e+04 -4.7869222503e+04 -4.3932136863e+04
1.8558558559e-01 -4.5720281667e+04 -4.8067594049e+04 -4.4113599679e+04
1.8578578579e-01 -4.5909184482e+04 -4.8266577090e+04 -4.4295619372e+04
1.8598598599e-01 -4.6098667496e+04 -4.8466172870e+04 -4.4478197067e+04
1.8618618619e-01 -4.6288731887e+04 -4.8666382636e+04 -4.4661333894e+04
1.8638638639e-01 -4.6479378830e+04 -4.8867207636e+04 -4.4845030982e+04
1.8658658659e-01 -4.6670609505e+04 -4.9068649118e+04 -4.5029289462e+04
1.8678678679e-01 -4.6862425092e+04 -4.9270708332e+04 -4.5214110464e+04
1.8698698699e-01 -4.7054826770e+04 -4.9473386530e+04 -4.5399495122e+04
1.8718718719e-01 -4.7247815722e+04 -4.9676684964e+04 -4.5585444570e+04
1.8738738739e-01 -4.7441393132e+04 -4.9880604889e+04 -4.5771959943e+04
1.8758758759e-01 -4.7635560183e+04 -5.0085147558e+04 -4.5959042376e+04
1.8778778779e-01 -4.7830318062e+04 -5.0290314229e+04 -4.6146693008e+04
1.8798798799e-01 -4.8025667955e+04 -5.0496106160e+04 -4.6334912975e+04
1.8818818819e-01 -4.8221611050e+04 -5.0702524608e+04 -4.6523703419e+04
1.8838838839e-01 -4.8418148535e+04 -5.0909570835e+04 -4.6713065479e+04
1.8858858859e-01 -4.8615281602e+04 -5.1117246101e+04 -4.6903000298e+04
1.8878878879e-01 -4.8813011442e+04 -5.1325551669e+04 -4.7093509018e+04
1.8898898899e-01 -4.9011339247e+04 -5.1534488803e+04 -4.7284592783e+04
1.8918918919e-01 -4.9210266211e+04 -5.1744058769e+04 -4.7476252738e+04
1.8938938939e-01 -4.9409793529e+04 -5.1954262832e+04 -4.7668490030e+04
1.8958958959e-01 -4.9609922398e+04 -5.2165102261e+04 -4.7861305806e+04
1.8978978979e-01 -4.9810654014e+04 -5.2376578323e+04 -4.8054701214e+04
1.8998998999e-01 -5.0011989577e+04 -5.2588692290e+04 -4.8248677405e+04
1.9019019019e-01 -5.0213930285e+04 -5.2801445432e+04 -4.8443235528e+04
1.9039039039e-01 -5.0416477340e+04 -5.3014839023e+04 -4.8638376737e+04
1.9059059059e-01 -5.0619631944e+04 -5.3228874336e+04 -4.8834102183e+04
1.9079079079e-01 -5.0823395300e+04 -5.3443552647e+04 -4.9030413021e+04
1.9099099099e-01 -5.1027768613e+04 -5.3658875231e+04 -4.9227310406e+04
1.9119119119e-01 -5.1232753087e+04 -5.3874843367e+04 -4.9424795495e+04
1.9139139139e-01 -5.1438349931e+04 -5.4091458333e+04 -4.9622869445e+04
1.9159159159e-01 -5.1644560351e+04 -5.4308721410e+04 -4.9821533415e+04
1.9179179179e-01 -5.1851385557e+04 -5.4526633879e+04 -5.0020788565e+04
1.9199199199e-01 -5.2058826759e+04 -5.4745197023e+04 -5.0220636055e+04
1.9219219219e-01 -5.2266885169e+04 -5.4964412125e+04 -5.0421077048e+04
1.9239239239e-01 -5.2475561999e+04 -5.5184280471e+04 -5.0622112706e+04
1.9259259259e-01 -5.2684858464e+04 -5.5404803348e+04 -5.0823744194e+04
1.9279279279e-01 -5.2894775777e+04 -5.5625982043e+04 -5.1025972678e+04
1.9299299299e-01 -5.3105315156e+04 -5.5847817845e+04 -5.1228799324e+04
1.9319319319e-01 -5.3316477818e+04 -5.6070312044e+04 -5.1432225299e+04
1.9339339339e-01 -5.3528264981e+04 -5.6293465932e+04 -5.1636251773e+04
1.9359359359e-01 -5.3740677866e+04 -5.6517280801e+04 -5.1840879915e+04
1.9379379379e-01 -5.3953717692e+04 -5.6741757946e+04 -5.2046110896e+04
1.9399399399e-01 -5.4167385682e+04 -5.6966898661e+04 -5.2251945889e+04
1.9419419419e-01 -5.4381683060e+04 -5.7192704243e+04 -5.2458386067e+04
1.9439439439e-01 -5.4596611049e+04 -5.7419175991e+04 -5.2665432604e+04
1.9459459459e-01 -5.4812170876e+04 -5.7646315202e+04 -5.2873086676e+04
1.9479479479e-01 -5.5028363767e+04 -5.7874123178e+04 -5.3081349459e+04
1.9499499499e-01 -5.5245190950e+04 -5.8102601219e+04 -5.3290222132e+04
1.9519519520e-01 -5.5462653654e+04 -5.8331750628e+04 -5.3499705872e+04
1.9539539540e-01 -5.5680753110e+04 -5.8561572710e+04 -5.3709801861e+04
1.9559559560e-01 -5.5899490549e+04 -5.8792068770e+04 -5.3920511280e+04
1.9579579580e-01 -5.6118867204e+04 -5.9023240114e+04 -5.4131835310e+04
1.9599599600e-01 -5.6338884309e+04 -5.9255088050e+04 -5.4343775135e+04
1.9619619620e-01 -5.6559543098e+04 -5.9487613886e+04 -5.4556331941e+04
1.9639639640e-01 -5.6780844809e+04 -5.9720818935e+04 -5.4769506911e+04
1.9659659660e-01 -5.7002790678e+04 -5.9954704506e+04 -5.4983301234e+04
1.9679679680e-01 -5.7225381944e+04 -6.0189271912e+04 -5.5197716097e+04
1.9699699700e-01 -5.7448619846e+04 -6.0424522468e+04 -5.5412752689e+04
1.9719719720e-01 -5.7672505627e+04 -6.0660457490e+04 -5.5628412201e+04
1.9739739740e-01 -5.7897040527e+04 -6.0897078293e+04 -5.5844695823e+04
1.9759759760e-01 -5.8122225790e+04 -6.1134386195e+04 -5.6061604749e+04
1.9779779780e-01 -5.8348062661e+04 -6.1372382515e+04 -5.6279140171e+04
1.9799799800e-01 -5.8574552385e+04 -6.1611068575e+04 -5.6497303285e+04
1.9819819820e-01 -5.8801696209e+04 -6.1850445694e+04 -5.6716095287e+04
1.9839839840e-01 -5.9029495381e+04 -6.2090515197e+04 -5.6935517372e+04
1.9859859860e-01 -5.9257951150e+04 -6.2331278407e+04 -5.7155570740e+04
1.9879879880e-01 -5.9487064767e+04 -6.2572736649e+04 -5.7376256589e+04
1.9899899900e-01 -5.9716837483e+04 -6.2814891251e+04 -5.7597576121e+04
1.9919919920e-01 -5.9947270551e+04 -6.3057743539e+04 -5.7819530535e+04
1.9939939940e-01 -6.0178365225e+04 -6.3301294844e+04 -5.8042121036e+04
1.9959959960e-01 -6.0410122760e+04 -6.3545546495e+04 -5.8265348826e+04
1.9979979980e-01 -6.0642544412e+04 -6.3790499824e+04 -5.8489215110e+04
2.0000000000e-01 -6.0875631438e+04 -6.4036156164e+04 -5.8713721095e+04
