# phi  Veff_T1e-05  Veff_T1e-03
# # g0=0.6  y0=0.0  lam0=0.0  m0=0.0  scale=pi
0.0000000000e+00 0.0000000000e+00 0.0000000000e+00
2.0000000000e-06 1.1236067672e-23 1.4033119758e-19
4.0000000000e-06 3.8056295206e-23 5.6096564592e-19
6.0000000000e-06 6.4954696548e-23 1.2613618059e-18
8.0000000000e-06 6.9659015847e-23 2.2409743782e-18
1.0000000000e-05 2.8289614037e-23 3.4992543027e-18
1.2000000000e-05 -9.0522542108e-23 5.0356487580e-18
1.4000000000e-05 -3.2185425165e-22 6.8496011627e-18
1.6000000000e-05 -7.0637426525e-22 8.9405511752e-18
1.8000000000e-05 -1.2900846183e-21 1.1307934693e-17
2.0000000000e-05 -2.1240838698e-21 1.3951183856e-17
2.2000000000e-05 -3.2645632445e-21 1.6869727044e-17
2.4000000000e-05 -4.7728044965e-21 2.0062988879e-17
2.6000000000e-05 -6.7151786697e-21 2.3530390225e-17
2.8000000000e-05 -9.1631453493e-21 2.7271348189e-17
3.0000000000e-05 -1.2193252193e-20 3.1285276121e-17
3.2000000000e-05 -1.5887134629e-20 3.5571583616e-17
3.4000000000e-05 -2.0331515652e-20 4.0129676515e-17
3.6000000000e-05 -2.5618205688e-20 4.4958956904e-17
3.8000000000e-05 -3.1844102499e-20 5.0058823116e-17
4.0000000000e-05 -3.9111191113e-20 5.5428669732e-17
4.2000000000e-05 -4.7526543778e-20 6.1067887582e-17
4.4000000000e-05 -5.7202319922e-20 6.6975863747e-17
4.6000000000e-05 -6.8255766128e-20 7.3151981558e-17
4.8000000000e-05 -8.0809216116e-20 7.9595620601e-17
5.0000000000e-05 -9.4990090724e-20 8.6306156711e-17
5.2000000000e-05 -1.1093089790e-19 9.3282961983e-17
5.4000000000e-05 -1.2876923267e-19 1.0052540477e-16
5.6000000000e-05 -1.4864777719e-19 1.0803284967e-16
5.8000000000e-05 -1.7071430066e-19 1.1580465755e-16
6.0000000000e-05 -1.9512165938e-19 1.2384018555e-16
6.2000000000e-05 -2.2202779673e-19 1.3213878705e-16
6.4000000000e-05 -2.5159574315e-19 1.4069981171e-16
6.6000000000e-05 -2.8399361614e-19 1.4952260544e-16
6.8000000000e-05 -3.1939462031e-19 1.5860651043e-16
7.0000000000e-05 -3.5797704728e-19 1.6795086514e-16
7.2000000000e-05 -3.9992427578e-19 1.7755500430e-16
7.4000000000e-05 -4.4542477158e-19 1.8741825891e-16
7.6000000000e-05 -4.9467208752e-19 1.9753995623e-16
7.8000000000e-05 -5.4786486349e-19 2.0791941984e-16
8.0000000000e-05 -6.0520682647e-19 2.1855596954e-16
8.2000000000e-05 -6.6690679046e-19 2.2944892147e-16
8.4000000000e-05 -7.3317865655e-19 2.4059758801e-16
8.6000000000e-05 -8.0424141288e-19 2.5200127784e-16
8.8000000000e-05 -8.8031913464e-19 2.6365929594e-16
9.0000000000e-05 -9.6164098408e-19 2.7557094355e-16
9.2000000000e-05 -1.0484412105e-18 2.8773551824e-16
9.4000000000e-05 -1.1409591504e-18 3.0015231384e-16
9.6000000000e-05 -1.2394392270e-18 3.1282062049e-16
9.8000000000e-05 -1.3441309509e-18 3.2573972465e-16
1.0000000000e-04 -1.4552889196e-18 3.3890890904e-16
1.0200000000e-04 -1.5731728178e-18 3.5232745272e-16
1.0400000000e-04 -1.6980474170e-18 3.6599463105e-16
1.0600000000e-04 -1.8301825761e-18 3.7990971568e-16
1.0800000000e-04 -1.9698532407e-18 3.9407197459e-16
1.1000000000e-04 -2.1173394437e-18 4.0848067207e-16
1.1200000000e-04 -2.2729263049e-18 4.2313506873e-16
1.1400000000e-04 -2.4369040314e-18 4.3803442151e-16
1.1600000000e-04 -2.6095679170e-18 4.5317798365e-16
1.1800000000e-04 -2.7912183429e-18 4.6856500473e-16
1.2000000000e-04 -2.9821607772e-18 4.8419473067e-16
1.2200000000e-04 -3.1827057750e-18 5.0006640369e-16
1.2400000000e-04 -3.3931689785e-18 5.1617926238e-16
1.2600000000e-04 -3.6138711170e-18 5.3253254166e-16
1.2800000000e-04 -3.8451380068e-18 5.4912547276e-16
1.3000000000e-04 -4.0873005514e-18 5.6595728331e-16
1.3200000000e-04 -4.3406947411e-18 5.8302719723e-16
1.3400000000e-04 -4.6056616535e-18 6.0033443484e-16
1.3600000000e-04 -4.8825474531e-18 6.1787821277e-16
1.3800000000e-04 -5.1717033914e-18 6.3565774404e-16
1.4000000000e-04 -5.4734858073e-18 6.5367223802e-16
1.4200000000e-04 -5.7882561264e-18 6.7192090044e-16
1.4400000000e-04 -6.1163808614e-18 6.9040293339e-16
1.4600000000e-04 -6.4582316122e-18 7.0911753535e-16
1.4800000000e-04 -6.8141850657e-18 7.2806390117e-16
1.5000000000e-04 -7.1846229958e-18 7.4724122205e-16
1.5200000000e-04 -7.5699322635e-18 7.6664868561e-16
1.5400000000e-04 -7.9705048169e-18 7.8628547582e-16
1.5600000000e-04 -8.3867376911e-18 8.0615077307e-16
1.5800000000e-04 -8.8190330082e-18 8.2624375411e-16
1.6000000000e-04 -9.2677979774e-18 8.4656359210e-16
1.6200000000e-04 -9.7334448951e-18 8.6710945661e-16
1.6400000000e-04 -1.0216391145e-17 8.8788051358e-16
1.6600000000e-04 -1.0717059196e-17 9.0887592540e-16
1.6800000000e-04 -1.1235876607e-17 9.3009485082e-16
1.7000000000e-04 -1.1773276022e-17 9.5153644503e-16
1.7200000000e-04 -1.2329695173e-17 9.7319985965e-16
1.7400000000e-04 -1.2905576878e-17 9.9508424270e-16
1.7600000000e-04 -1.3501369043e-17 1.0171887386e-15
1.7800000000e-04 -1.4117524661e-17 1.0395124883e-15
1.8000000000e-04 -1.4754501811e-17 1.0620546290e-15
1.8200000000e-04 -1.5412763660e-17 1.0848142946e-15
1.8400000000e-04 -1.6092778462e-17 1.1077906151e-15
1.8600000000e-04 -1.6795019559e-17 1.1309827172e-15
1.8800000000e-04 -1.7519965377e-17 1.1543897240e-15
1.9000000000e-04 -1.8268099432e-17 1.1780107551e-15
1.9200000000e-04 -1.9039910327e-17 1.2018449263e-15
1.9400000000e-04 -1.9835891750e-17 1.2258913502e-15
1.9600000000e-04 -2.0656542477e-17 1.2501491356e-15
1.9800000000e-04 -2.1502366372e-17 1.2746173880e-15
2.0000000000e-04 -2.2373872385e-17 1.2992952090e-15
2.0200000000e-04 -2.3271574554e-17 1.3241816972e-15
2.0400000000e-04 -2.4195992003e-17 1.3492759472e-15
2.0600000000e-04 -2.5147648943e-17 1.3745770503e-15
2.0800000000e-04 -2.6127074674e-17 1.4000840944e-15
2.1000000000e-04 -2.7134803580e-17 1.4257961636e-15
2.1200000000e-04 -2.8171375134e-17 1.4517123387e-15
2.1400000000e-04 -2.9237333896e-17 1.4778316970e-15
2.1600000000e-04 -3.0333229513e-17 1.5041533121e-15
2.1800000000e-04 -3.1459616718e-17 1.5306762545e-15
2.2000000000e-04 -3.2617055333e-17 1.5573995908e-15
2.2200000000e-04 -3.3806110265e-17 1.5843223843e-15
2.2400000000e-04 -3.5027351509e-17 1.6114436949e-15
2.2600000000e-04 -3.6281354148e-17 1.6387625788e-15
2.2800000000e-04 -3.7568698351e-17 1.6662780890e-15
2.3000000000e-04 -3.8889969373e-17 1.6939892748e-15
2.3200000000e-04 -4.0245757558e-17 1.7218951821e-15
2.3400000000e-04 -4.1636658336e-17 1.7499948535e-15
2.3600000000e-04 -4.3063272225e-17 1.7782873278e-15
2.3800000000e-04 -4.4526204828e-17 1.8067716407e-15
2.4000000000e-04 -4.6026066838e-17 1.8354468244e-15
2.4200000000e-04 -4.7563474032e-17 1.8643119074e-15
2.4400000000e-04 -4.9139047277e-17 1.8933659149e-15
2.4600000000e-04 -5.0753412525e-17 1.9226078689e-15
2.4800000000e-04 -5.2407200815e-17 1.9520367876e-15
2.5000000000e-04 -5.4101048274e-17 1.9816516860e-15
2.5200000000e-04 -5.5835596117e-17 2.0114515756e-15
2.5400000000e-04 -5.7611490643e-17 2.0414354645e-15
2.5600000000e-04 -5.9429383241e-17 2.0716023573e-15
2.5800000000e-04 -6.1289930386e-17 2.1019512555e-15
2.6000000000e-04 -6.3193793639e-17 2.1324811567e-15
2.6200000000e-04 -6.5141639650e-17 2.1631910555e-15
2.6400000000e-04 -6.7134140155e-17 2.1940799429e-15
2.6600000000e-04 -6.9171971976e-17 2.2251468067e-15
2.6800000000e-04 -7.1255817025e-17 2.2563906311e-15
2.7000000000e-04 -7.3386362298e-17 2.2878103969e-15
2.7200000000e-04 -7.5564299880e-17 2.3194050818e-15
2.7400000000e-04 -7.7790326942e-17 2.3511736598e-15
2.7600000000e-04 -8.0065145742e-17 2.3831151017e-15
2.7800000000e-04 -8.2389463627e-17 2.4152283750e-15
2.8000000000e-04 -8.4763993028e-17 2.4475124435e-15
2.8200000000e-04 -8.7189451465e-17 2.4799662681e-15
2.8400000000e-04 -8.9666561545e-17 2.5125888060e-15
2.8600000000e-04 -9.2196050961e-17 2.5453790112e-15
2.8800000000e-04 -9.4778652495e-17 2.5783358343e-15
2.9000000000e-04 -9.7415104013e-17 2.6114582226e-15
2.9200000000e-04 -1.0010614847e-16 2.6447451199e-15
2.9400000000e-04 -1.0285253391e-16 2.6781954670e-15
2.9600000000e-04 -1.0565501346e-16 2.7118082009e-15
2.9800000000e-04 -1.0851434534e-16 2.7455822557e-15
3.0000000000e-04 -1.1143129285e-16 2.7795165620e-15
3.0200000000e-04 -1.1440662438e-16 2.8136100470e-15
3.0400000000e-04 -1.1744111340e-16 2.8478616348e-15
3.0600000000e-04 -1.2053553849e-16 2.8822702459e-15
3.0800000000e-04 -1.2369068329e-16 2.9168347977e-15
3.1000000000e-04 -1.2690733654e-16 2.9515542042e-15
3.1200000000e-04 -1.3018629207e-16 2.9864273762e-15
3.1400000000e-04 -1.3352834879e-16 3.0214532211e-15
3.1600000000e-04 -1.3693431069e-16 3.0566306430e-15
3.1800000000e-04 -1.4040498687e-16 3.0919585429e-15
3.2000000000e-04 -1.4394119150e-16 3.1274358182e-15
3.2200000000e-04 -1.4754374384e-16 3.1630613633e-15
3.2400000000e-04 -1.5121346824e-16 3.1988340692e-15
3.2600000000e-04 -1.5495119413e-16 3.2347528235e-15
3.2800000000e-04 -1.5875775603e-16 3.2708165108e-15
3.3000000000e-04 -1.6263399355e-16 3.3070240122e-15
3.3200000000e-04 -1.6658075140e-16 3.3433742057e-15
3.3400000000e-04 -1.7059887935e-16 3.3798659660e-15
3.3600000000e-04 -1.7468923227e-16 3.4164981644e-15
3.3800000000e-04 -1.7885267011e-16 3.4532696691e-15
3.4000000000e-04 -1.8309005793e-16 3.4901793450e-15
3.4200000000e-04 -1.8740226586e-16 3.5272260538e-15
3.4400000000e-04 -1.9179016911e-16 3.5644086539e-15
3.4600000000e-04 -1.9625464799e-16 3.6017260005e-15
3.4800000000e-04 -2.0079658789e-16 3.6391769455e-15
3.5000000000e-04 -2.0541687928e-16 3.6767603377e-15
3.5200000000e-04 -2.1011641775e-16 3.7144750225e-15
3.5400000000e-04 -2.1489610393e-16 3.7523198422e-15
3.5600000000e-04 -2.1975684358e-16 3.7902936359e-15
3.5800000000e-04 -2.2469954752e-16 3.8283952393e-15
3.6000000000e-04 -2.2972513165e-16 3.8666234851e-15
3.6200000000e-04 -2.3483451700e-16 3.9049772027e-15
3.6400000000e-04 -2.4002862963e-16 3.9434552182e-15
3.6600000000e-04 -2.4530840074e-16 3.9820563547e-15
3.6800000000e-04 -2.5067476658e-16 4.0207794319e-15
3.7000000000e-04 -2.5612866851e-16 4.0596232665e-15
3.7200000000e-04 -2.6167105295e-16 4.0985866717e-15
3.7400000000e-04 -2.6730287144e-16 4.1376684579e-15
3.7600000000e-04 -2.7302508058e-16 4.1768674320e-15
3.7800000000e-04 -2.7883864208e-16 4.2161823978e-15
3.8000000000e-04 -2.8474452272e-16 4.2556121560e-15
3.8200000000e-04 -2.9074369436e-16 4.2951555041e-15
3.8400000000e-04 -2.9683713398e-16 4.3348112363e-15
3.8600000000e-04 -3.0302582362e-16 4.3745781438e-15
3.8800000000e-04 -3.0931075040e-16 4.4144550145e-15
3.9000000000e-04 -3.1569290656e-16 4.4544406332e-15
3.9200000000e-04 -3.2217328940e-16 4.4945337814e-15
3.9400000000e-04 -3.2875290131e-16 4.5347332377e-15
3.9600000000e-04 -3.3543274977e-16 4.5750377773e-15
3.9800000000e-04 -3.4221384736e-16 4.6154461724e-15
4.0000000000e-04 -3.4909721173e-16 4.6559571920e-15
4.0200000000e-04 -3.5608386562e-16 4.6965696018e-15
4.0400000000e-04 -3.6317483687e-16 4.7372821647e-15
4.0600000000e-04 -3.7037115838e-16 4.7780936400e-15
4.0800000000e-04 -3.7767386817e-16 4.8190027843e-15
4.1000000000e-04 -3.8508400933e-16 4.8600083507e-15
4.1200000000e-04 -3.9260263002e-16 4.9011090894e-15
4.1400000000e-04 -4.0023078353e-16 4.9423037475e-15
4.1600000000e-04 -4.0796952820e-16 4.9835910686e-15
4.1800000000e-04 -4.1581992747e-16 5.0249697937e-15
4.2000000000e-04 -4.2378304986e-16 5.0664386602e-15
4.2200000000e-04 -4.3185996899e-16 5.1079964026e-15
4.2400000000e-04 -4.4005176357e-16 5.1496417524e-15
4.2600000000e-04 -4.4835951737e-16 5.1913734377e-15
4.2800000000e-04 -4.5678431928e-16 5.2331901837e-15
4.3000000000e-04 -4.6532726325e-16 5.2750907123e-15
4.3200000000e-04 -4.7398944833e-16 5.3170737425e-15
4.3400000000e-04 -4.8277197867e-16 5.3591379900e-15
4.3600000000e-04 -4.9167596347e-16 5.4012821675e-15
4.3800000000e-04 -5.0070251706e-16 5.4435049846e-15
4.4000000000e-04 -5.0985275882e-16 5.4858051477e-15
4.4200000000e-04 -5.1912781325e-16 5.5281813602e-15
4.4400000000e-04 -5.2852880991e-16 5.5706323223e-15
4.4600000000e-04 -5.3805688347e-16 5.6131567313e-15
4.4800000000e-04 -5.4771317366e-16 5.6557532811e-15
4.5000000000e-04 -5.5749882532e-16 5.6984206627e-15
4.5200000000e-04 -5.6741498837e-16 5.7411575641e-15
4.5400000000e-04 -5.7746281781e-16 5.7839626699e-15
4.5600000000e-04 -5.8764347375e-16 5.8268346620e-15
4.5800000000e-04 -5.9795812135e-16 5.8697722189e-15
4.6000000000e-04 -6.0840793089e-16 5.9127740161e-15
4.6200000000e-04 -6.1899407772e-16 5.9558387261e-15
4.6400000000e-04 -6.2971774228e-16 5.9989650182e-15
4.6600000000e-04 -6.4058011010e-16 6.0421515588e-15
4.6800000000e-04 -6.5158237180e-16 6.0853970110e-15
4.7000000000e-04 -6.6272572308e-16 6.1287000349e-15
4.7200000000e-04 -6.7401136474e-16 6.1720592876e-15
4.7400000000e-04 -6.8544050263e-16 6.2154734231e-15
4.7600000000e-04 -6.9701434774e-16 6.2589410923e-15
4.7800000000e-04 -7.0873411611e-16 6.3024609430e-15
4.8000000000e-04 -7.2060102888e-16 6.3460316199e-15
4.8200000000e-04 -7.3261631227e-16 6.3896517647e-15
4.8400000000e-04 -7.4478119760e-16 6.4333200162e-15
4.8600000000e-04 -7.5709692127e-16 6.4770350097e-15
4.8800000000e-04 -7.6956472476e-16 6.5207953779e-15
4.9000000000e-04 -7.8218585464e-16 6.5645997500e-15
4.9200000000e-04 -7.9496156258e-16 6.6084467526e-15
4.9400000000e-04 -8.0789310533e-16 6.6523350088e-15
4.9600000000e-04 -8.2098174471e-16 6.6962631389e-15
4.9800000000e-04 -8.3422874766e-16 6.7402297601e-15
5.0000000000e-04 -8.4763538617e-16 6.7842334865e-15
5.0200000000e-04 -8.6120293734e-16 6.8282729291e-15
5.0400000000e-04 -8.7493268336e-16 6.8723466959e-15
5.0600000000e-04 -8.8882591150e-16 6.9164533919e-15
5.0800000000e-04 -9.0288391412e-16 6.9605916189e-15
5.1000000000e-04 -9.1710798865e-16 7.0047599758e-15
5.1200000000e-04 -9.3149943762e-16 7.0489570582e-15
5.1400000000e-04 -9.4605956867e-16 7.0931814590e-15
5.1600000000e-04 -9.6078969448e-16 7.1374317677e-15
5.1800000000e-04 -9.7569113286e-16 7.1817065709e-15
5.2000000000e-04 -9.9076520668e-16 7.2260044522e-15
5.2200000000e-04 -1.0060132439e-15 7.2703239921e-15
5.2400000000e-04 -1.0214365776e-15 7.3146637679e-15
5.2600000000e-04 -1.0370365459e-15 7.3590223540e-15
5.2800000000e-04 -1.0528144920e-15 7.4033983218e-15
5.3000000000e-04 -1.0687717643e-15 7.4477902395e-15
5.3200000000e-04 -1.0849097161e-15 7.4921966722e-15
5.3400000000e-04 -1.1012297060e-15 7.5366161822e-15
5.3600000000e-04 -1.1177330974e-15 7.5810473285e-15
5.3800000000e-04 -1.1344212592e-15 7.6254886672e-15
5.4000000000e-04 -1.1512955649e-15 7.6699387511e-15
5.4200000000e-04 -1.1683573935e-15 7.7143961303e-15
5.4400000000e-04 -1.1856081289e-15 7.7588593516e-15
5.4600000000e-04 -1.2030491601e-15 7.8033269587e-15
5.4800000000e-04 -1.2206818812e-15 7.8477974925e-15
5.5000000000e-04 -1.2385076914e-15 7.8922694906e-15
5.5200000000e-04 -1.2565279949e-15 7.9367414875e-15
5.5400000000e-04 -1.2747442011e-15 7.9812120150e-15
5.5600000000e-04 -1.2931577245e-15 8.0256796013e-15
5.5800000000e-04 -1.3117699845e-15 8.0701427721e-15
5.6000000000e-04 -1.3305824059e-15 8.1146000496e-15
5.6200000000e-04 -1.3495964183e-15 8.1590499531e-15
5.6400000000e-04 -1.3688134565e-15 8.2034909989e-15
5.6600000000e-04 -1.3882349603e-15 8.2479217001e-15
5.6800000000e-04 -1.4078623749e-15 8.2923405668e-15
5.7000000000e-04 -1.4276971501e-15 8.3367461061e-15
5.7200000000e-04 -1.4477407413e-15 8.3811368218e-15
5.7400000000e-04 -1.4679946085e-15 8.4255112148e-15
5.7600000000e-04 -1.4884602171e-15 8.4698677829e-15
5.7800000000e-04 -1.5091390375e-15 8.5142050209e-15
5.8000000000e-04 -1.5300325452e-15 8.5585214203e-15
5.8200000000e-04 -1.5511422208e-15 8.6028154697e-15
5.8400000000e-04 -1.5724695499e-15 8.6470856546e-15
5.8600000000e-04 -1.5940160233e-15 8.6913304572e-15
5.8800000000e-04 -1.6157831369e-15 8.7355483570e-15
5.9000000000e-04 -1.6377723915e-15 8.7797378301e-15
5.9200000000e-04 -1.6599852932e-15 8.8238973496e-15
5.9400000000e-04 -1.6824233530e-15 8.8680253855e-15
5.9600000000e-04 -1.7050880873e-15 8.9121204047e-15
5.9800000000e-04 -1.7279810171e-15 8.9561808709e-15
6.0000000000e-04 -1.7511036690e-15 9.0002052449e-15
6.0200000000e-04 -1.7744575743e-15 9.0441919842e-15
6.0400000000e-04 -1.7980442695e-15 9.0881395433e-15
6.0600000000e-04 -1.8218652964e-15 9.1320463735e-15
6.0800000000e-04 -1.8459222016e-15 9.1759109231e-15
6.1000000000e-04 -1.8702165369e-15 9.2197316371e-15
6.1200000000e-04 -1.8947498591e-15 9.2635069576e-15
6.1400000000e-04 -1.9195237304e-15 9.3072353233e-15
6.1600000000e-04 -1.9445397177e-15 9.3509151700e-15
6.1800000000e-04 -1.9697993931e-15 9.3945449303e-15
6.2000000000e-04 -1.9953043339e-15 9.4381230334e-15
6.2200000000e-04 -2.0210561225e-15 9.4816479059e-15
6.2400000000e-04 -2.0470563461e-15 9.5251179706e-15
6.2600000000e-04 -2.0733065974e-15 9.5685316476e-15
6.2800000000e-04 -2.0998084739e-15 9.6118873538e-15
6.3000000000e-04 -2.1265635782e-15 9.6551835026e-15
6.3200000000e-04 -2.1535735182e-15 9.6984185047e-15
6.3400000000e-04 -2.1808399066e-15 9.7415907672e-15
6.3600000000e-04 -2.2083643614e-15 9.7846986942e-15
6.3800000000e-04 -2.2361485056e-15 9.8277406866e-15
6.4000000000e-04 -2.2641939673e-15 9.8707151422e-15
6.4200000000e-04 -2.2925023797e-15 9.9136204554e-15
6.4400000000e-04 -2.3210753810e-15 9.9564550175e-15
6.4600000000e-04 -2.3499146147e-15 9.9992172167e-15
6.4800000000e-04 -2.3790217292e-15 1.0041905438e-14
6.5000000000e-04 -2.4083983780e-15 1.0084518062e-14
6.5200000000e-04 -2.4380462198e-15 1.0127053468e-14
6.5400000000e-04 -2.4679669182e-15 1.0169510032e-14
6.5600000000e-04 -2.4981621421e-15 1.0211886124e-14
6.5800000000e-04 -2.5286335653e-15 1.0254180113e-14
6.6000000000e-04 -2.5593828668e-15 1.0296390366e-14
6.6200000000e-04 -2.5904117308e-15 1.0338515243e-14
6.6400000000e-04 -2.6217218462e-15 1.0380553104e-14
6.6600000000e-04 -2.6533149074e-15 1.0422502304e-14
6.6800000000e-04 -2.6851926137e-15 1.0464361196e-14
6.7000000000e-04 -2.7173566694e-15 1.0506128128e-14
6.7200000000e-04 -2.7498087842e-15 1.0547801446e-14
6.7400000000e-04 -2.7825506725e-15 1.0589379492e-14
6.7600000000e-04 -2.8155840540e-15 1.0630860604e-14
6.7800000000e-04 -2.8489106536e-15 1.0672243119e-14
6.8000000000e-04 -2.8825322010e-15 1.0713525369e-14
6.8200000000e-04 -2.9164504311e-15 1.0754705682e-14
6.8400000000e-04 -2.9506670841e-15 1.0795782384e-14
6.8600000000e-04 -2.9851839049e-15 1.0836753797e-14
6.8800000000e-04 -3.0200026438e-15 1.0877618239e-14
6.9000000000e-04 -3.0551250560e-15 1.0918374025e-14
6.9200000000e-04 -3.0905529020e-15 1.0959019468e-14
6.9400000000e-04 -3.1262879472e-15 1.0999552875e-14
6.9600000000e-04 -3.1623319621e-15 1.1039972551e-14
6.9800000000e-04 -3.1986867223e-15 1.1080276797e-14
7.0000000000e-04 -3.2353540086e-15 1.1120463912e-14
7.0200000000e-04 -3.2723356067e-15 1.1160532189e-14
7.0400000000e-04 -3.3096333076e-15 1.1200479920e-14
7.0600000000e-04 -3.3472489073e-15 1.1240305390e-14
7.0800000000e-04 -3.3851842067e-15 1.1280006885e-14
7.1000000000e-04 -3.4234410120e-15 1.1319582684e-14
7.1200000000e-04 -3.4620211345e-15 1.1359031064e-14
7.1400000000e-04 -3.5009263906e-15 1.1398350297e-14
7.1600000000e-04 -3.5401586015e-15 1.1437538652e-14
7.1800000000e-04 -3.5797195938e-15 1.1476594395e-14
7.2000000000e-04 -3.6196111991e-15 1.1515515788e-14
7.2200000000e-04 -3.6598352541e-15 1.1554301089e-14
7.2400000000e-04 -3.7003936005e-15 1.1592948552e-14
7.2600000000e-04 -3.7412880852e-15 1.1631456429e-14
7.2800000000e-04 -3.7825205600e-15 1.1669822965e-14
7.3000000000e-04 -3.8240928821e-15 1.1708046403e-14
7.3200000000e-04 -3.8660069135e-15 1.1746124984e-14
7.3400000000e-04 -3.9082645215e-15 1.1784056942e-14
7.3600000000e-04 -3.9508675782e-15 1.1821840509e-14
7.3800000000e-04 -3.9938179611e-15 1.1859473913e-14
7.4000000000e-04 -4.0371175526e-15 1.1896955377e-14
7.4200000000e-04 -4.0807682403e-15 1.1934283120e-14
7.4400000000e-04 -4.1247719168e-15 1.1971455358e-14
7.4600000000e-04 -4.1691304798e-15 1.2008470304e-14
7.4800000000e-04 -4.2138458321e-15 1.2045326164e-14
7.5000000000e-04 -4.2589198816e-15 1.2082021142e-14
7.5200000000e-04 -4.3043545413e-15 1.2118553436e-14
7.5400000000e-04 -4.3501517293e-15 1.2154921243e-14
7.5600000000e-04 -4.3963133686e-15 1.2191122753e-14
7.5800000000e-04 -4.4428413876e-15 1.2227156153e-14
7.6000000000e-04 -4.4897377196e-15 1.2263019624e-14
7.6200000000e-04 -4.5370043029e-15 1.2298711344e-14
7.6400000000e-04 -4.5846430812e-15 1.2334229488e-14
7.6600000000e-04 -4.6326560028e-15 1.2369572223e-14
7.6800000000e-04 -4.6810450217e-15 1.2404737715e-14
7.7000000000e-04 -4.7298120964e-15 1.2439724123e-14
7.7200000000e-04 -4.7789591908e-15 1.2474529603e-14
7.7400000000e-04 -4.8284882740e-15 1.2509152305e-14
7.7600000000e-04 -4.8784013199e-15 1.2543590374e-14
7.7800000000e-04 -4.9287003075e-15 1.2577841953e-14
7.8000000000e-04 -4.9793872212e-15 1.2611905177e-14
7.8200000000e-04 -5.0304640502e-15 1.2645778176e-14
7.8400000000e-04 -5.0819327888e-15 1.2679459078e-14
7.8600000000e-04 -5.1337954366e-15 1.2712946003e-14
7.8800000000e-04 -5.1860539980e-15 1.2746237067e-14
7.9000000000e-04 -5.2387104828e-15 1.2779330380e-14
7.9200000000e-04 -5.2917669055e-15 1.2812224048e-14
7.9400000000e-04 -5.3452252861e-15 1.2844916170e-14
7.9600000000e-04 -5.3990876494e-15 1.2877404841e-14
7.9800000000e-04 -5.4533560254e-15 1.2909688149e-14
8.0000000000e-04 -5.5080324491e-15 1.2941764175e-14
8.0200000000e-04 -5.5631189608e-15 1.2973630998e-14
8.0400000000e-04 -5.6186176056e-15 1.3005286688e-14
8.0600000000e-04 -5.6745304339e-15 1.3036729310e-14
8.0800000000e-04 -5.7308595012e-15 1.3067956921e-14
8.1000000000e-04 -5.7876068678e-15 1.3098967573e-14
8.1200000000e-04 -5.8447745994e-15 1.3129759312e-14
8.1400000000e-04 -5.9023647667e-15 1.3160330176e-14
8.1600000000e-04 -5.9603794454e-15 1.3190678197e-14
8.1800000000e-04 -6.0188207164e-15 1.3220801398e-14
8.2000000000e-04 -6.0776906656e-15 1.3250697798e-14
8.2200000000e-04 -6.1369913840e-15 1.3280365405e-14
8.2400000000e-04 -6.1967249678e-15 1.3309802222e-14
8.2600000000e-04 -6.2568935182e-15 1.3339006242e-14
8.2800000000e-04 -6.3174991414e-15 1.3367975450e-14
8.3000000000e-04 -6.3785439488e-15 1.3396707825e-14
8.3200000000e-04 -6.4400300569e-15 1.3425201333e-14
8.3400000000e-04 -6.5019595873e-15 1.3453453935e-14
8.3600000000e-04 -6.5643346664e-15 1.3481463579e-14
8.3800000000e-04 -6.6271574262e-15 1.3509228206e-14
8.4000000000e-04 -6.6904300033e-15 1.3536745746e-14
8.4200000000e-04 -6.7541545397e-15 1.3564014117e-14
8.4400000000e-04 -6.8183331824e-15 1.3591031228e-14
8.4600000000e-04 -6.8829680834e-15 1.3617794975e-14
8.4800000000e-04 -6.9480613999e-15 1.3644303242e-14
8.5000000000e-04 -7.0136152941e-15 1.3670553901e-14
8.5200000000e-04 -7.0796319333e-15 1.3696544811e-14
8.5400000000e-04 -7.1461134901e-15 1.3722273816e-14
8.5600000000e-04 -7.2130621418e-15 1.3747738745e-14
8.5800000000e-04 -7.2804800711e-15 1.3772937414e-14
8.6000000000e-04 -7.3483694657e-15 1.3797867618e-14
8.6200000000e-04 -7.4167325182e-15 1.3822527140e-14
8.6400000000e-04 -7.4855714267e-15 1.3846913740e-14
8.6600000000e-04 -7.5548883939e-15 1.3871025160e-14
8.6800000000e-04 -7.6246856280e-15 1.3894859121e-14
8.7000000000e-04 -7.6949653420e-15 1.3918413320e-14
8.7200000000e-04 -7.7657297542e-15 1.3941685433e-14
8.7400000000e-04 -7.8369810879e-15 1.3964673104e-14
8.7600000000e-04 -7.9087215713e-15 1.3987373955e-14
8.7800000000e-04 -7.9809534380e-15 1.4009785571e-14
8.8000000000e-04 -8.0536789266e-15 1.4031905507e-14
8.8200000000e-04 -8.1269002806e-15 1.4053731279e-14
8.8400000000e-04 -8.2006197487e-15 1.4075260364e-14
8.8600000000e-04 -8.2748395849e-15 1.4096490192e-14
8.8800000000e-04 -8.3495620480e-15 1.4117418143e-14
8.9000000000e-04 -8.4247894019e-15 1.4138041542e-14
8.9200000000e-04 -8.5005239158e-15 1.4158357648e-14
8.9400000000e-04 -8.5767678638e-15 1.4178363651e-14
8.9600000000e-04 -8.6535235252e-15 1.4198056656e-14
8.9800000000e-04 -8.7307931842e-15 1.4217433674e-14
9.0000000000e-04 -8.8085791304e-15 1.4236491604e-14
9.0200000000e-04 -8.8868836581e-15 1.4255227217e-14
9.0400000000e-04 -8.9657090671e-15 1.4273637123e-14
9.0600000000e-04 -9.0450576619e-15 1.4291717746e-14
9.0800000000e-04 -9.1249317524e-15 1.4309465273e-14
9.1000000000e-04 -9.2053336535e-15 1.4326875598e-14
9.1200000000e-04 -9.2862656849e-15 1.4343944229e-14
9.1400000000e-04 -9.3677301718e-15 1.4360666167e-14
9.1600000000e-04 -9.4497294444e-15 1.4377035702e-14
9.1800000000e-04 -9.5322658377e-15 1.4393046086e-14
9.2000000000e-04 -9.6153416921e-15 1.4408688930e-14
9.2200000000e-04 -9.6989593530e-15 1.4423952958e-14
9.2400000000e-04 -9.7831211709e-15 1.4438820738e-14
9.2600000000e-04 -9.8678295012e-15 1.4453253894e-14
9.2800000000e-04 -9.9530867046e-15 1.4467185300e-14
9.3000000000e-04 -1.0038895147e-14 1.4480786642e-14
9.3200000000e-04 -1.0125257199e-14 1.4494067768e-14
9.3400000000e-04 -1.0212175236e-14 1.4507026769e-14
9.3600000000e-04 -1.0299651640e-14 1.4519661726e-14
9.3800000000e-04 -1.0387688797e-14 1.4531970725e-14
9.4000000000e-04 -1.0476289097e-14 1.4543951843e-14
9.4200000000e-04 -1.0565454938e-14 1.4555603159e-14
9.4400000000e-04 -1.0655188720e-14 1.4566922748e-14
9.4600000000e-04 -1.0745492849e-14 1.4577908681e-14
9.4800000000e-04 -1.0836369738e-14 1.4588559029e-14
9.5000000000e-04 -1.0927821803e-14 1.4598871859e-14
9.5200000000e-04 -1.1019851465e-14 1.4608845236e-14
9.5400000000e-04 -1.1112461152e-14 1.4618477222e-14
9.5600000000e-04 -1.1205653295e-14 1.4627765878e-14
9.5800000000e-04 -1.1299430331e-14 1.4636709260e-14
9.6000000000e-04 -1.1393794702e-14 1.4645305423e-14
9.6200000000e-04 -1.1488748856e-14 1.4653552421e-14
9.6400000000e-04 -1.1584295244e-14 1.4661448303e-14
9.6600000000e-04 -1.1680436324e-14 1.4668991115e-14
9.6800000000e-04 -1.1777174558e-14 1.4676178904e-14
9.7000000000e-04 -1.1874512413e-14 1.4683009712e-14
9.7200000000e-04 -1.1972452363e-14 1.4689481578e-14
9.7400000000e-04 -1.2070996885e-14 1.4695592540e-14
9.7600000000e-04 -1.2170148461e-14 1.4701340633e-14
9.7800000000e-04 -1.2269909579e-14 1.4706723890e-14
9.8000000000e-04 -1.2370282733e-14 1.4711740340e-14
9.8200000000e-04 -1.2471270420e-14 1.4716388010e-14
9.8400000000e-04 -1.2572875144e-14 1.4720664927e-14
9.8600000000e-04 -1.2675099412e-14 1.4724569111e-14
9.8800000000e-04 -1.2777945738e-14 1.4728098584e-14
9.9000000000e-04 -1.2881416639e-14 1.4731251363e-14
9.9200000000e-04 -1.2985514641e-14 1.4734025462e-14
9.9400000000e-04 -1.3090242270e-14 1.4736418895e-14
9.9600000000e-04 -1.3195602061e-14 1.4738429671e-14
9.9800000000e-04 -1.3301596552e-14 1.4740055798e-14
1.0000000000e-03 -1.3408228288e-14 1.4741295280e-14
1.0020000000e-03 -1.3515499816e-14 1.4742146121e-14
1.0040000000e-03 -1.3623413691e-14 1.4742606321e-14
1.0060000000e-03 -1.3731972472e-14 1.4742673876e-14
1.0080000000e-03 -1.3841178724e-14 1.4742346782e-14
1.0100000000e-03 -1.3951035014e-14 1.4741623033e-14
1.0120000000e-03 -1.4061543918e-14 1.4740500616e-14
1.0140000000e-03 -1.4172708015e-14 1.4738977522e-14
1.0160000000e-03 -1.4284529889e-14 1.4737051733e-14
1.0180000000e-03 -1.4397012131e-14 1.4734721234e-14
1.0200000000e-03 -1.4510157333e-14 1.4731984004e-14
1.0220000000e-03 -1.4623968098e-14 1.4728838021e-14
1.0240000000e-03 -1.4738447028e-14 1.4725281259e-14
1.0260000000e-03 -1.4853596734e-14 1.4721311693e-14
1.0280000000e-03 -1.4969419832e-14 1.4716927291e-14
1.0300000000e-03 -1.5085918940e-14 1.4712126021e-14
1.0320000000e-03 -1.5203096685e-14 1.4706905850e-14
1.0340000000e-03 -1.5320955696e-14 1.4701264738e-14
1.0360000000e-03 -1.5439498610e-14 1.4695200648e-14
1.0380000000e-03 -1.5558728065e-14 1.4688711535e-14
1.0400000000e-03 -1.5678646709e-14 1.4681795356e-14
1.0420000000e-03 -1.5799257190e-14 1.4674450064e-14
1.0440000000e-03 -1.5920562166e-14 1.4666673607e-14
1.0460000000e-03 -1.6042564297e-14 1.4658463936e-14
1.0480000000e-03 -1.6165266248e-14 1.4649818993e-14
1.0500000000e-03 -1.6288670692e-14 1.4640736723e-14
1.0520000000e-03 -1.6412780302e-14 1.4631215066e-14
1.0540000000e-03 -1.6537597762e-14 1.4621251959e-14
1.0560000000e-03 -1.6663125757e-14 1.4610845337e-14
1.0580000000e-03 -1.6789366978e-14 1.4599993135e-14
1.0600000000e-03 -1.6916324122e-14 1.4588693281e-14
1.0620000000e-03 -1.7043999890e-14 1.4576943704e-14
1.0640000000e-03 -1.7172396989e-14 1.4564742329e-14
1.0660000000e-03 -1.7301518130e-14 1.4552087078e-14
1.0680000000e-03 -1.7431366031e-14 1.4538975874e-14
1.0700000000e-03 -1.7561943412e-14 1.4525406632e-14
1.0720000000e-03 -1.7693253001e-14 1.4511377269e-14
1.0740000000e-03 -1.7825297530e-14 1.4496885697e-14
1.0760000000e-03 -1.7958079737e-14 1.4481929827e-14
1.0780000000e-03 -1.8091602362e-14 1.4466507568e-14
1.0800000000e-03 -1.8225868153e-14 1.4450616823e-14
1.0820000000e-03 -1.8360879864e-14 1.4434255496e-14
1.0840000000e-03 -1.8496640250e-14 1.4417421488e-14
1.0860000000e-03 -1.8633152075e-14 1.4400112697e-14
1.0880000000e-03 -1.8770418106e-14 1.4382327018e-14
1.0900000000e-03 -1.8908441117e-14 1.4364062343e-14
1.0920000000e-03 -1.9047223884e-14 1.4345316564e-14
1.0940000000e-03 -1.9186769190e-14 1.4326087569e-14
1.0960000000e-03 -1.9327079824e-14 1.4306373243e-14
1.0980000000e-03 -1.9468158579e-14 1.4286171468e-14
1.1000000000e-03 -1.9610008252e-14 1.4265480126e-14
1.1020000000e-03 -1.9752631648e-14 1.4244297095e-14
1.1040000000e-03 -1.9896031573e-14 1.4222620250e-14
1.1060000000e-03 -2.0040210842e-14 1.4200447464e-14
1.1080000000e-03 -2.0185172273e-14 1.4177776607e-14
1.1100000000e-03 -2.0330918690e-14 1.4154605548e-14
1.1120000000e-03 -2.0477452921e-14 1.4130932152e-14
1.1140000000e-03 -2.0624777800e-14 1.4106754283e-14
1.1160000000e-03 -2.0772896166e-14 1.4082069800e-14
1.1180000000e-03 -2.0921810863e-14 1.4056876563e-14
1.1200000000e-03 -2.1071524740e-14 1.4031172426e-14
1.1220000000e-03 -2.1222040650e-14 1.4004955242e-14
1.1240000000e-03 -2.1373361453e-14 1.3978222863e-14
1.1260000000e-03 -2.1525490014e-14 1.3950973136e-14
1.1280000000e-03 -2.1678429201e-14 1.3923203906e-14
1.1300000000e-03 -2.1832181889e-14 1.3894913018e-14
1.1320000000e-03 -2.1986750957e-14 1.3866098311e-14
1.1340000000e-03 -2.2142139291e-14 1.3836757624e-14
1.1360000000e-03 -2.2298349780e-14 1.3806888793e-14
1.1380000000e-03 -2.2455385318e-14 1.3776489649e-14
1.1400000000e-03 -2.2613248806e-14 1.3745558025e-14
1.1420000000e-03 -2.2771943148e-14 1.3714091748e-14
1.1440000000e-03 -2.2931471255e-14 1.3682088643e-14
1.1460000000e-03 -2.3091836041e-14 1.3649546535e-14
1.1480000000e-03 -2.3253040427e-14 1.3616463243e-14
1.1500000000e-03 -2.3415087339e-14 1.3582836585e-14
1.1520000000e-03 -2.3577979705e-14 1.3548664378e-14
1.1540000000e-03 -2.3741720463e-14 1.3513944434e-14
1.1560000000e-03 -2.3906312553e-14 1.3478674564e-14
1.1580000000e-03 -2.4071758919e-14 1.3442852576e-14
1.1600000000e-03 -2.4238062514e-14 1.3406476275e-14
1.1620000000e-03 -2.4405226292e-14 1.3369543466e-14
1.1640000000e-03 -2.4573253215e-14 1.3332051947e-14
1.1660000000e-03 -2.4742146248e-14 1.3293999518e-14
1.1680000000e-03 -2.4911908364e-14 1.3255383975e-14
1.1700000000e-03 -2.5082542537e-14 1.3216203109e-14
1.1720000000e-03 -2.5254051749e-14 1.3176454712e-14
1.1740000000e-03 -2.5426438987e-14 1.3136136572e-14
1.1760000000e-03 -2.5599707242e-14 1.3095246474e-14
1.1780000000e-03 -2.5773859511e-14 1.3053782201e-14
1.1800000000e-03 -2.5948898794e-14 1.3011741535e-14
1.1820000000e-03 -2.6124828100e-14 1.2969122252e-14
1.1840000000e-03 -2.6301650438e-14 1.2925922129e-14
1.1860000000e-03 -2.6479368828e-14 1.2882138939e-14
1.1880000000e-03 -2.6657986289e-14 1.2837770451e-14
1.1900000000e-03 -2.6837505851e-14 1.2792814435e-14
1.1920000000e-03 -2.7017930543e-14 1.2747268655e-14
1.1940000000e-03 -2.7199263405e-14 1.2701130875e-14
1.1960000000e-03 -2.7381507478e-14 1.2654398855e-14
1.1980000000e-03 -2.7564665809e-14 1.2607070352e-14
1.2000000000e-03 -2.7748741451e-14 1.2559143123e-14
1.2020000000e-03 -2.7933737461e-14 1.2510614920e-14
1.2040000000e-03 -2.8119656903e-14 1.2461483494e-14
1.2060000000e-03 -2.8306502844e-14 1.2411746593e-14
1.2080000000e-03 -2.8494278356e-14 1.2361401961e-14
1.2100000000e-03 -2.8682986518e-14 1.2310447342e-14
1.2120000000e-03 -2.8872630413e-14 1.2258880476e-14
1.2140000000e-03 -2.9063213128e-14 1.2206699101e-14
1.2160000000e-03 -2.9254737758e-14 1.2153900952e-14
1.2180000000e-03 -2.9447207399e-14 1.2100483762e-14
1.2200000000e-03 -2.9640625156e-14 1.2046445261e-14
1.2220000000e-03 -2.9834994137e-14 1.1991783176e-14
1.2240000000e-03 -3.0030317456e-14 1.1936495234e-14
1.2260000000e-03 -3.0226598231e-14 1.1880579156e-14
1.2280000000e-03 -3.0423839585e-14 1.1824032663e-14
1.2300000000e-03 -3.0622044648e-14 1.1766853472e-14
1.2320000000e-03 -3.0821216553e-14 1.1709039299e-14
1.2340000000e-03 -3.1021358440e-14 1.1650587855e-14
1.2360000000e-03 -3.1222473452e-14 1.1591496852e-14
1.2380000000e-03 -3.1424564739e-14 1.1531763995e-14
1.2400000000e-03 -3.1627635455e-14 1.1471386991e-14
1.2420000000e-03 -3.1831688759e-14 1.1410363541e-14
1.2440000000e-03 -3.2036727815e-14 1.1348691346e-14
1.2460000000e-03 -3.2242755793e-14 1.1286368103e-14
1.2480000000e-03 -3.2449775868e-14 1.1223391506e-14
1.2500000000e-03 -3.2657791219e-14 1.1159759248e-14
1.2520000000e-03 -3.2866805031e-14 1.1095469018e-14
1.2540000000e-03 -3.3076820494e-14 1.1030518504e-14
1.2560000000e-03 -3.3287840802e-14 1.0964905389e-14
1.2580000000e-03 -3.3499869156e-14 1.0898627357e-14
1.2600000000e-03 -3.3712908761e-14 1.0831682087e-14
1.2620000000e-03 -3.3926962827e-14 1.0764067255e-14
1.2640000000e-03 -3.4142034569e-14 1.0695780536e-14
1.2660000000e-03 -3.4358127207e-14 1.0626819602e-14
1.2680000000e-03 -3.4575243968e-14 1.0557182122e-14
1.2700000000e-03 -3.4793388081e-14 1.0486865763e-14
1.2720000000e-03 -3.5012562782e-14 1.0415868188e-14
1.2740000000e-03 -3.5232771313e-14 1.0344187060e-14
1.2760000000e-03 -3.5454016917e-14 1.0271820038e-14
1.2780000000e-03 -3.5676302848e-14 1.0198764777e-14
1.2800000000e-03 -3.5899632359e-14 1.0125018932e-14
1.2820000000e-03 -3.6124008713e-14 1.0050580155e-14
1.2840000000e-03 -3.6349435176e-14 9.9754460932e-15
1.2860000000e-03 -3.6575915019e-14 9.8996143937e-15
1.2880000000e-03 -3.6803451518e-14 9.8230827000e-15
1.2900000000e-03 -3.7032047955e-14 9.7458486530e-15
1.2920000000e-03 -3.7261707615e-14 9.6679098912e-15
1.2940000000e-03 -3.7492433791e-14 9.5892640505e-15
1.2960000000e-03 -3.7724229780e-14 9.5099087641e-15
1.2980000000e-03 -3.7957098882e-14 9.4298416628e-15
1.3000000000e-03 -3.8191044405e-14 9.3490603746e-15
1.3020000000e-03 -3.8426069661e-14 9.2675625251e-15
1.3040000000e-03 -3.8662177967e-14 9.1853457371e-15
1.3060000000e-03 -3.8899372645e-14 9.1024076311e-15
1.3080000000e-03 -3.9137657022e-14 9.0187458247e-15
1.3100000000e-03 -3.9377034430e-14 8.9343579330e-15
1.3120000000e-03 -3.9617508207e-14 8.8492415686e-15
1.3140000000e-03 -3.9859081694e-14 8.7633943414e-15
1.3160000000e-03 -4.0101758241e-14 8.6768138587e-15
1.3180000000e-03 -4.0345541199e-14 8.5894977252e-15
1.3200000000e-03 -4.0590433925e-14 8.5014435429e-15
1.3220000000e-03 -4.0836439784e-14 8.4126489114e-15
1.3240000000e-03 -4.1083562142e-14 8.3231114273e-15
1.3260000000e-03 -4.1331804372e-14 8.2328286850e-15
1.3280000000e-03 -4.1581169854e-14 8.1417982760e-15
1.3300000000e-03 -4.1831661969e-14 8.0500177893e-15
1.3320000000e-03 -4.2083284106e-14 7.9574848111e-15
1.3340000000e-03 -4.2336039658e-14 7.8641969251e-15
1.3360000000e-03 -4.2589932024e-14 7.7701517124e-15
1.3380000000e-03 -4.2844964607e-14 7.6753467512e-15
1.3400000000e-03 -4.3101140816e-14 7.5797796174e-15
1.3420000000e-03 -4.3358464064e-14 7.4834478841e-15
1.3440000000e-03 -4.3616937771e-14 7.3863491215e-15
1.3460000000e-03 -4.3876565359e-14 7.2884808975e-15
1.3480000000e-03 -4.4137350258e-14 7.1898407771e-15
1.3500000000e-03 -4.4399295903e-14 7.0904263227e-15
1.3520000000e-03 -4.4662405731e-14 6.9902350941e-15
1.3540000000e-03 -4.4926683187e-14 6.8892646483e-15
1.3560000000e-03 -4.5192131721e-14 6.7875125396e-15
1.3580000000e-03 -4.5458754787e-14 6.6849763197e-15
1.3600000000e-03 -4.5726555844e-14 6.5816535376e-15
1.3620000000e-03 -4.5995538357e-14 6.4775417396e-15
1.3640000000e-03 -4.6265705795e-14 6.3726384691e-15
1.3660000000e-03 -4.6537061633e-14 6.2669412671e-15
1.3680000000e-03 -4.6809609351e-14 6.1604476716e-15
1.3700000000e-03 -4.7083352434e-14 6.0531552181e-15
1.3720000000e-03 -4.7358294372e-14 5.9450614392e-15
1.3740000000e-03 -4.7634438659e-14 5.8361638648e-15
1.3760000000e-03 -4.7911788797e-14 5.7264600222e-15
1.3780000000e-03 -4.8190348289e-14 5.6159474357e-15
1.3800000000e-03 -4.8470120647e-14 5.5046236270e-15
1.3820000000e-03 -4.8751109386e-14 5.3924861151e-15
1.3840000000e-03 -4.9033318026e-14 5.2795324161e-15
1.3860000000e-03 -4.9316750094e-14 5.1657600433e-15
1.3880000000e-03 -4.9601409118e-14 5.0511665073e-15
1.3900000000e-03 -4.9887298637e-14 4.9357493159e-15
1.3920000000e-03 -5.0174422189e-14 4.8195059740e-15
1.3940000000e-03 -5.0462783321e-14 4.7024339838e-15
1.3960000000e-03 -5.0752385585e-14 4.5845308447e-15
1.3980000000e-03 -5.1043232535e-14 4.4657940531e-15
1.4000000000e-03 -5.1335327734e-14 4.3462211028e-15
1.4020000000e-03 -5.1628674748e-14 4.2258094844e-15
1.4040000000e-03 -5.1923277148e-14 4.1045566861e-15
1.4060000000e-03 -5.2219138510e-14 3.9824601928e-15
1.4080000000e-03 -5.2516262416e-14 3.8595174868e-15
1.4100000000e-03 -5.2814652453e-14 3.7357260474e-15
1.4120000000e-03 -5.3114312212e-14 3.6110833510e-15
1.4140000000e-03 -5.3415245290e-14 3.4855868711e-15
1.4160000000e-03 -5.3717455289e-14 3.3592340783e-15
1.4180000000e-03 -5.4020945817e-14 3.2320224402e-15
1.4200000000e-03 -5.4325720484e-14 3.1039494214e-15
1.4220000000e-03 -5.4631782908e-14 2.9750124837e-15
1.4240000000e-03 -5.4939136712e-14 2.8452090858e-15
1.4260000000e-03 -5.5247785522e-14 2.7145366833e-15
1.4280000000e-03 -5.5557732972e-14 2.5829927292e-15
1.4300000000e-03 -5.5868982698e-14 2.4505746729e-15
1.4320000000e-03 -5.6181538343e-14 2.3172799611e-15
1.4340000000e-03 -5.6495403555e-14 2.1831060375e-15
1.4360000000e-03 -5.6810581987e-14 2.0480503424e-15
1.4380000000e-03 -5.7127077296e-14 1.9121103134e-15
1.4400000000e-03 -5.7444893145e-14 1.7752833846e-15
1.4420000000e-03 -5.7764033203e-14 1.6375669873e-15
1.4440000000e-03 -5.8084501142e-14 1.4989585493e-15
1.4460000000e-03 -5.8406300641e-14 1.3594554955e-15
1.4480000000e-03 -5.8729435382e-14 1.2190552475e-15
1.4500000000e-03 -5.9053909055e-14 1.0777552235e-15
1.4520000000e-03 -5.9379725353e-14 9.3555283877e-16
1.4540000000e-03 -5.9706887974e-14 7.9244550505e-16
1.4560000000e-03 -6.0035400622e-14 6.4843063085e-16
1.4580000000e-03 -6.0365267005e-14 5.0350562136e-16
1.4600000000e-03 -6.0696490838e-14 3.5766787836e-16
1.4620000000e-03 -6.1029075839e-14 2.1091480025e-16
1.4640000000e-03 -6.1363025732e-14 6.3243782013e-17
1.4660000000e-03 -6.1698344247e-14 -8.5347784865e-17
1.4680000000e-03 -6.2035035117e-14 -2.3486251239e-16
1.4700000000e-03 -6.2373102081e-14 -3.8530301610e-16
1.4720000000e-03 -6.2712548885e-14 -5.3667191513e-16
1.4740000000e-03 -6.3053379277e-14 -6.8897183223e-16
1.4760000000e-03 -6.3395597011e-14 -8.4220539384e-16
1.4780000000e-03 -6.3739205849e-14 -9.9637523008e-16
1.4800000000e-03 -6.4084209553e-14 -1.1514839749e-15
1.4820000000e-03 -6.4430611894e-14 -1.3075342659e-15
1.4840000000e-03 -6.4778416647e-14 -1.4645287449e-15
1.4860000000e-03 -6.5127627592e-14 -1.6224700572e-15
1.4880000000e-03 -6.5478248513e-14 -1.7813608525e-15
1.4900000000e-03 -6.5830283201e-14 -1.9412037843e-15
1.4920000000e-03 -6.6183735451e-14 -2.1020015102e-15
1.4940000000e-03 -6.6538609063e-14 -2.2637566924e-15
1.4960000000e-03 -6.6894907842e-14 -2.4264719968e-15
1.4980000000e-03 -6.7252635600e-14 -2.5901500941e-15
1.5000000000e-03 -6.7611796151e-14 -2.7547936592e-15
1.5020000000e-03 -6.7972393317e-14 -2.9204053718e-15
1.5040000000e-03 -6.8334430922e-14 -3.0869879160e-15
1.5060000000e-03 -6.8697912798e-14 -3.2545439807e-15
1.5080000000e-03 -6.9062842781e-14 -3.4230762597e-15
1.5100000000e-03 -6.9429224711e-14 -3.5925874519e-15
1.5120000000e-03 -6.9797062434e-14 -3.7630802612e-15
1.5140000000e-03 -7.0166359803e-14 -3.9345573967e-15
1.5160000000e-03 -7.0537120672e-14 -4.1070215731e-15
1.5180000000e-03 -7.0909348904e-14 -4.2804755105e-15
1.5200000000e-03 -7.1283048364e-14 -4.4549219348e-15
1.5220000000e-03 -7.1658222925e-14 -4.6303635780e-15
1.5240000000e-03 -7.2034876462e-14 -4.8068031780e-15
1.5260000000e-03 -7.2413012858e-14 -4.9842434793e-15
1.5280000000e-03 -7.2792635999e-14 -5.1626872330e-15
1.5300000000e-03 -7.3173749778e-14 -5.3421371970e-15
1.5320000000e-03 -7.3556358090e-14 -5.5225961364e-15
1.5340000000e-03 -7.3940464838e-14 -5.7040668238e-15
1.5360000000e-03 -7.4326073929e-14 -5.8865520398e-15
1.5380000000e-03 -7.4713189275e-14 -6.0700545730e-15
1.5400000000e-03 -7.5101814794e-14 -6.2545772210e-15
1.5420000000e-03 -7.5491954408e-14 -6.4401227902e-15
1.5440000000e-03 -7.5883612045e-14 -6.6266940969e-15
1.5460000000e-03 -7.6276791636e-14 -6.8142939675e-15
1.5480000000e-03 -7.6671497120e-14 -7.0029252394e-15
1.5500000000e-03 -7.7067732439e-14 -7.1925907617e-15
1.5520000000e-03 -7.7465501541e-14 -7.3832933958e-15
1.5540000000e-03 -7.7864808379e-14 -7.5750360165e-15
1.5560000000e-03 -7.8265656911e-14 -7.7678215132e-15
1.5580000000e-03 -7.8668051100e-14 -7.9616527909e-15
1.5600000000e-03 -7.9071994914e-14 -8.1565327715e-15
1.5620000000e-03 -7.9477492326e-14 -8.3524643959e-15
1.5640000000e-03 -7.9884547316e-14 -8.5494506252e-15
1.5660000000e-03 -8.0293163865e-14 -8.7474944433e-15
1.5680000000e-03 -8.0703345963e-14 -8.9465988595e-15
1.5700000000e-03 -8.1115097603e-14 -9.1467669113e-15
1.5720000000e-03 -8.1528422783e-14 -9.3480016683e-15
1.5740000000e-03 -8.1943325509e-14 -9.5503062366e-15
1.5760000000e-03 -8.2359809788e-14 -9.7536837640e-15
1.5780000000e-03 -8.2777879634e-14 -9.9581374473e-15
1.5800000000e-03 -8.3197539066e-14 -1.0163670540e-14
1.5820000000e-03 -8.3618792110e-14 -1.0370286365e-14
1.5840000000e-03 -8.4041642792e-14 -1.0577988325e-14
1.5860000000e-03 -8.4466095149e-14 -1.0786779927e-14
1.5880000000e-03 -8.4892153219e-14 -1.0996664804e-14
1.5900000000e-03 -8.5319821047e-14 -1.1207646753e-14
1.5920000000e-03 -8.5749102682e-14 -1.1419729791e-14
1.5940000000e-03 -8.6180002180e-14 -1.1632918236e-14
1.5960000000e-03 -8.6612523598e-14 -1.1847216851e-14
1.5980000000e-03 -8.7046671004e-14 -1.2062631089e-14
1.6000000000e-03 -8.7482448466e-14 -1.2279167616e-14
1.6020000000e-03 -8.7919860059e-14 -1.2496835638e-14
1.6040000000e-03 -8.8358909863e-14 -1.2715652539e-14
1.6060000000e-03 -8.8799601964e-14 -1.2935652731e-14
1.6080000000e-03 -8.9241940452e-14 -1.3156764550e-14
1.6100000000e-03 -8.9685929422e-14 -1.3378982352e-14
1.6120000000e-03 -9.0131572974e-14 -1.3602308861e-14
1.6140000000e-03 -9.0578875215e-14 -1.3826746803e-14
1.6160000000e-03 -9.1027840254e-14 -1.4052298908e-14
1.6180000000e-03 -9.1478472207e-14 -1.4278967906e-14
1.6200000000e-03 -9.1930775196e-14 -1.4506756532e-14
1.6220000000e-03 -9.2384753345e-14 -1.4735667521e-14
1.6240000000e-03 -9.2840410786e-14 -1.4965703614e-14
1.6260000000e-03 -9.3297751655e-14 -1.5196867549e-14
1.6280000000e-03 -9.3756780093e-14 -1.5429162072e-14
1.6300000000e-03 -9.4217500246e-14 -1.5662589927e-14
1.6320000000e-03 -9.4679916266e-14 -1.5897153863e-14
1.6340000000e-03 -9.5144032308e-14 -1.6132856631e-14
1.6360000000e-03 -9.5609852534e-14 -1.6369700984e-14
1.6380000000e-03 -9.6077381112e-14 -1.6607689676e-14
1.6400000000e-03 -9.6546622212e-14 -1.6846825466e-14
1.6420000000e-03 -9.7017580011e-14 -1.7087111114e-14
1.6440000000e-03 -9.7490258690e-14 -1.7328549383e-14
1.6460000000e-03 -9.7964662438e-14 -1.7571143038e-14
1.6480000000e-03 -9.8440795446e-14 -1.7814894845e-14
1.6500000000e-03 -9.8918661910e-14 -1.8059807575e-14
1.6520000000e-03 -9.9398266034e-14 -1.8305884001e-14
1.6540000000e-03 -9.9879612023e-14 -1.8553126896e-14
1.6560000000e-03 -1.0036270409e-13 -1.8801539037e-14
1.6580000000e-03 -1.0084754646e-13 -1.9051123205e-14
1.6600000000e-03 -1.0133414334e-13 -1.9301882180e-14
1.6620000000e-03 -1.0182249897e-13 -1.9553818747e-14
1.6640000000e-03 -1.0231261758e-13 -1.9806935693e-14
1.6660000000e-03 -1.0280450340e-13 -2.0061235807e-14
1.6680000000e-03 -1.0329816068e-13 -2.0316721879e-14
1.6700000000e-03 -1.0379359367e-13 -2.0573396704e-14
1.6720000000e-03 -1.0429080663e-13 -2.0831263078e-14
1.6740000000e-03 -1.0478980380e-13 -2.1090323799e-14
1.6760000000e-03 -1.0529058945e-13 -2.1350581668e-14
1.6780000000e-03 -1.0579316785e-13 -2.1612039490e-14
1.6800000000e-03 -1.0629754327e-13 -2.1874700068e-14
1.6820000000e-03 -1.0680372000e-13 -2.2138566213e-14
1.6840000000e-03 -1.0731170231e-13 -2.2403640734e-14
1.6860000000e-03 -1.0782149450e-13 -2.2669926444e-14
1.6880000000e-03 -1.0833310085e-13 -2.2937426158e-14
1.6900000000e-03 -1.0884652567e-13 -2.3206142694e-14
1.6920000000e-03 -1.0936177326e-13 -2.3476078873e-14
1.6940000000e-03 -1.0987884793e-13 -2.3747237517e-14
1.6960000000e-03 -1.1039775399e-13 -2.4019621451e-14
1.6980000000e-03 -1.1091849577e-13 -2.4293233502e-14
1.7000000000e-03 -1.1144107758e-13 -2.4568076500e-14
1.7020000000e-03 -1.1196550376e-13 -2.4844153277e-14
1.7040000000e-03 -1.1249177864e-13 -2.5121466668e-14
1.7060000000e-03 -1.1301990656e-13 -2.5400019509e-14
1.7080000000e-03 -1.1354989186e-13 -2.5679814639e-14
1.7100000000e-03 -1.1408173890e-13 -2.5960854902e-14
1.7120000000e-03 -1.1461545203e-13 -2.6243143140e-14
1.7140000000e-03 -1.1515103560e-13 -2.6526682200e-14
1.7160000000e-03 -1.1568849399e-13 -2.6811474931e-14
1.7180000000e-03 -1.1622783157e-13 -2.7097524184e-14
1.7200000000e-03 -1.1676905270e-13 -2.7384832813e-14
1.7220000000e-03 -1.1731216177e-13 -2.7673403675e-14
1.7240000000e-03 -1.1785716317e-13 -2.7963239627e-14
1.7260000000e-03 -1.1840406128e-13 -2.8254343530e-14
1.7280000000e-03 -1.1895286050e-13 -2.8546718249e-14
1.7300000000e-03 -1.1950356524e-13 -2.8840366647e-14
1.7320000000e-03 -1.2005617989e-13 -2.9135291594e-14
1.7340000000e-03 -1.2061070886e-13 -2.9431495960e-14
1.7360000000e-03 -1.2116715658e-13 -2.9728982618e-14
1.7380000000e-03 -1.2172552747e-13 -3.0027754443e-14
1.7400000000e-03 -1.2228582594e-13 -3.0327814313e-14
1.7420000000e-03 -1.2284805643e-13 -3.0629165107e-14
1.7440000000e-03 -1.2341222339e-13 -3.0931809709e-14
1.7460000000e-03 -1.2397833124e-13 -3.1235751003e-14
1.7480000000e-03 -1.2454638443e-13 -3.1540991876e-14
1.7500000000e-03 -1.2511638742e-13 -3.1847535217e-14
1.7520000000e-03 -1.2568834467e-13 -3.2155383920e-14
1.7540000000e-03 -1.2626226062e-13 -3.2464540879e-14
1.7560000000e-03 -1.2683813976e-13 -3.2775008989e-14
1.7580000000e-03 -1.2741598655e-13 -3.3086791151e-14
1.7600000000e-03 -1.2799580547e-13 -3.3399890266e-14
1.7620000000e-03 -1.2857760101e-13 -3.3714309238e-14
1.7640000000e-03 -1.2916137764e-13 -3.4030050973e-14
1.7660000000e-03 -1.2974713986e-13 -3.4347118380e-14
1.7680000000e-03 -1.3033489217e-13 -3.4665514371e-14
1.7700000000e-03 -1.3092463907e-13 -3.4985241859e-14
1.7720000000e-03 -1.3151638507e-13 -3.5306303760e-14
1.7740000000e-03 -1.3211013467e-13 -3.5628702993e-14
1.7760000000e-03 -1.3270589241e-13 -3.5952442477e-14
1.7780000000e-03 -1.3330366279e-13 -3.6277525137e-14
1.7800000000e-03 -1.3390345036e-13 -3.6603953898e-14
1.7820000000e-03 -1.3450525963e-13 -3.6931731688e-14
1.7840000000e-03 -1.3510909515e-13 -3.7260861436e-14
1.7860000000e-03 -1.3571496146e-13 -3.7591346077e-14
1.7880000000e-03 -1.3632286312e-13 -3.7923188545e-14
1.7900000000e-03 -1.3693280466e-13 -3.8256391778e-14
1.7920000000e-03 -1.3754479066e-13 -3.8590958715e-14
1.7940000000e-03 -1.3815882567e-13 -3.8926892299e-14
1.7960000000e-03 -1.3877491427e-13 -3.9264195475e-14
1.7980000000e-03 -1.3939306102e-13 -3.9602871189e-14
1.8000000000e-03 -1.4001327050e-13 -3.9942922392e-14
1.8020000000e-03 -1.4063554731e-13 -4.0284352035e-14
1.8040000000e-03 -1.4125989602e-13 -4.0627163073e-14
1.8060000000e-03 -1.4188632123e-13 -4.0971358462e-14
1.8080000000e-03 -1.4251482754e-13 -4.1316941161e-14
1.8100000000e-03 -1.4314541956e-13 -4.1663914132e-14
1.8120000000e-03 -1.4377810189e-13 -4.2012280339e-14
1.8140000000e-03 -1.4441287915e-13 -4.2362042747e-14
1.8160000000e-03 -1.4504975595e-13 -4.2713204327e-14
1.8180000000e-03 -1.4568873693e-13 -4.3065768048e-14
1.8200000000e-03 -1.4632982670e-13 -4.3419736884e-14
1.8220000000e-03 -1.4697302991e-13 -4.3775113812e-14
1.8240000000e-03 -1.4761835120e-13 -4.4131901808e-14
1.8260000000e-03 -1.4826579521e-13 -4.4490103855e-14
1.8280000000e-03 -1.4891536658e-13 -4.4849722935e-14
1.8300000000e-03 -1.4956706998e-13 -4.5210762033e-14
1.8320000000e-03 -1.5022091006e-13 -4.5573224138e-14
1.8340000000e-03 -1.5087689150e-13 -4.5937112239e-14
1.8360000000e-03 -1.5153501895e-13 -4.6302429329e-14
1.8380000000e-03 -1.5219529710e-13 -4.6669178404e-14
1.8400000000e-03 -1.5285773062e-13 -4.7037362460e-14
1.8420000000e-03 -1.5352232420e-13 -4.7406984497e-14
1.8440000000e-03 -1.5418908253e-13 -4.7778047518e-14
1.8460000000e-03 -1.5485801031e-13 -4.8150554528e-14
1.8480000000e-03 -1.5552911224e-13 -4.8524508532e-14
1.8500000000e-03 -1.5620239302e-13 -4.8899912542e-14
1.8520000000e-03 -1.5687785737e-13 -4.9276769567e-14
1.8540000000e-03 -1.5755550999e-13 -4.9655082623e-14
1.8560000000e-03 -1.5823535562e-13 -5.0034854727e-14
1.8580000000e-03 -1.5891739897e-13 -5.0416088896e-14
1.8600000000e-03 -1.5960164478e-13 -5.0798788153e-14
1.8620000000e-03 -1.6028809779e-13 -5.1182955521e-14
1.8640000000e-03 -1.6097676273e-13 -5.1568594026e-14
1.8660000000e-03 -1.6166764435e-13 -5.1955706698e-14
1.8680000000e-03 -1.6236074741e-13 -5.2344296566e-14
1.8700000000e-03 -1.6305607665e-13 -5.2734366664e-14
1.8720000000e-03 -1.6375363685e-13 -5.3125920028e-14
1.8740000000e-03 -1.6445343277e-13 -5.3518959697e-14
1.8760000000e-03 -1.6515546918e-13 -5.3913488710e-14
1.8780000000e-03 -1.6585975086e-13 -5.4309510110e-14
1.8800000000e-03 -1.6656628259e-13 -5.4707026943e-14
1.8820000000e-03 -1.6727506916e-13 -5.5106042256e-14
1.8840000000e-03 -1.6798611535e-13 -5.5506559100e-14
1.8860000000e-03 -1.6869942597e-13 -5.5908580527e-14
1.8880000000e-03 -1.6941500582e-13 -5.6312109592e-14
1.8900000000e-03 -1.7013285971e-13 -5.6717149352e-14
1.8920000000e-03 -1.7085299245e-13 -5.7123702867e-14
1.8940000000e-03 -1.7157540885e-13 -5.7531773199e-14
1.8960000000e-03 -1.7230011375e-13 -5.7941363412e-14
1.8980000000e-03 -1.7302711196e-13 -5.8352476573e-14
1.9000000000e-03 -1.7375640832e-13 -5.8765115752e-14
1.9020000000e-03 -1.7448800767e-13 -5.9179284020e-14
1.9040000000e-03 -1.7522191485e-13 -5.9594984450e-14
1.9060000000e-03 -1.7595813472e-13 -6.0012220121e-14
1.9080000000e-03 -1.7669667211e-13 -6.0430994110e-14
1.9100000000e-03 -1.7743753190e-13 -6.0851309498e-14
1.9120000000e-03 -1.7818071894e-13 -6.1273169369e-14
1.9140000000e-03 -1.7892623811e-13 -6.1696576810e-14
1.9160000000e-03 -1.7967409427e-13 -6.2121534908e-14
1.9180000000e-03 -1.8042429231e-13 -6.2548046755e-14
1.9200000000e-03 -1.8117683711e-13 -6.2976115443e-14
1.9220000000e-03 -1.8193173356e-13 -6.3405744068e-14
1.9240000000e-03 -1.8268898655e-13 -6.3836935728e-14
1.9260000000e-03 -1.8344860099e-13 -6.4269693524e-14
1.9280000000e-03 -1.8421058176e-13 -6.4704020558e-14
1.9300000000e-03 -1.8497493380e-13 -6.5139919935e-14
1.9320000000e-03 -1.8574166200e-13 -6.5577394763e-14
1.9340000000e-03 -1.8651077130e-13 -6.6016448151e-14
1.9360000000e-03 -1.8728226660e-13 -6.6457083213e-14
1.9380000000e-03 -1.8805615285e-13 -6.6899303063e-14
1.9400000000e-03 -1.8883243498e-13 -6.7343110818e-14
1.9420000000e-03 -1.8961111793e-13 -6.7788509597e-14
1.9440000000e-03 -1.9039220663e-13 -6.8235502523e-14
1.9460000000e-03 -1.9117570605e-13 -6.8684092719e-14
1.9480000000e-03 -1.9196162114e-13 -6.9134283313e-14
1.9500000000e-03 -1.9274995686e-13 -6.9586077433e-14
1.9520000000e-03 -1.9354071817e-13 -7.0039478211e-14
1.9540000000e-03 -1.9433391004e-13 -7.0494488781e-14
1.9560000000e-03 -1.9512953745e-13 -7.0951112278e-14
1.9580000000e-03 -1.9592760537e-13 -7.1409351843e-14
1.9600000000e-03 -1.9672811881e-13 -7.1869210615e-14
1.9620000000e-03 -1.9753108274e-13 -7.2330691739e-14
1.9640000000e-03 -1.9833650216e-13 -7.2793798360e-14
1.9660000000e-03 -1.9914438207e-13 -7.3258533626e-14
1.9680000000e-03 -1.9995472748e-13 -7.3724900687e-14
1.9700000000e-03 -2.0076754339e-13 -7.4192902698e-14
1.9720000000e-03 -2.0158283483e-13 -7.4662542813e-14
1.9740000000e-03 -2.0240060682e-13 -7.5133824191e-14
1.9760000000e-03 -2.0322086438e-13 -7.5606749990e-14
1.9780000000e-03 -2.0404361255e-13 -7.6081323375e-14
1.9800000000e-03 -2.0486885635e-13 -7.6557547509e-14
1.9820000000e-03 -2.0569660083e-13 -7.7035425561e-14
1.9840000000e-03 -2.0652685105e-13 -7.7514960699e-14
1.9860000000e-03 -2.0735961204e-13 -7.7996156097e-14
1.9880000000e-03 -2.0819488887e-13 -7.8479014929e-14
1.9900000000e-03 -2.0903268660e-13 -7.8963540371e-14
1.9920000000e-03 -2.0987301029e-13 -7.9449735604e-14
1.9940000000e-03 -2.1071586502e-13 -7.9937603808e-14
1.9960000000e-03 -2.1156125586e-13 -8.0427148168e-14
1.9980000000e-03 -2.1240918790e-13 -8.0918371871e-14
2.0000000000e-03 -2.1325966623e-13 -8.1411278105e-14
