# phi  Veff_T1e-05  Veff_T1e-03  Veff_T1e-01
0.0000000000e+00 0.0000000000e+00 0.0000000000e+00 0.0000000000e+00
2.5000000000e-03 -5.2002447556e-13 -2.6623043784e-13 2.3966577473e-09
5.0000000000e-03 -8.3001365919e-12 -5.0186103339e-12 9.5138106927e-09
7.5000000000e-03 -4.1985070869e-11 -2.4575659932e-11 2.1239874423e-08
1.0000000000e-02 -1.3263913044e-10 -7.5092207392e-11 3.7460156335e-08
1.2500000000e-02 -3.2374618706e-10 -1.7855705038e-10 5.8056911595e-08
1.5000000000e-02 -6.7120968108e-10 -3.6279293280e-10 8.2909419111e-08
1.7500000000e-02 -1.2433526215e-09 -6.6145654140e-10 1.1189407531e-07
2.0000000000e-02 -2.1209175859e-09 -1.1140385049e-09 1.4488450312e-07
2.2500000000e-02 -3.3970667204e-09 -1.7658633939e-09 1.8175167339e-07
2.5000000000e-02 -5.1773817400e-09 -2.6680897202e-09 2.2236403571e-07
2.7500000000e-02 -7.5798639279e-09 -3.8777099375e-09 2.6658765581e-07
3.0000000000e-02 -1.0734934136e-08 -5.4575504408e-09 3.1428635687e-07
3.2500000000e-02 -1.4785432786e-08 -7.4762715667e-09 3.6532186196e-07
3.5000000000e-02 -1.9886619866e-08 -1.0008367593e-08 4.1955393580e-07
3.7500000000e-02 -2.6206174934e-08 -1.3134166740e-08 4.7684052353e-07
4.0000000000e-02 -3.3924197117e-08 -1.6939831168e-08 5.3703788531e-07
4.2500000000e-02 -4.3233205110e-08 -2.1517356980e-08 6.0000072540e-07
4.5000000000e-02 -5.4338137177e-08 -2.6964574219e-08 6.6558231475e-07
4.7500000000e-02 -6.7456351149e-08 -3.3385146871e-08 7.3363460676e-07
5.0000000000e-02 -8.2817624429e-08 -4.0888572864e-08 8.0400834563e-07
5.2500000000e-02 -1.0066415398e-07 -4.9590184064e-08 8.7655316719e-07
5.5000000000e-02 -1.2125055636e-07 -5.9611146283e-08 9.5111769240e-07
5.7500000000e-02 -1.4484386765e-07 -7.1078459272e-08 1.0275496135e-06
6.0000000000e-02 -1.7172354354e-07 -8.4124956722e-08 1.1056957731e-06
6.2500000000e-02 -2.0218145927e-07 -9.8889306270e-08 1.1854022366e-06
6.5000000000e-02 -2.3652190965e-07 -1.1551600949e-07 1.2665143583e-06
6.7500000000e-02 -2.7506160907e-07 -1.3415540190e-07 1.3488768418e-06
7.0000000000e-02 -3.1812969147e-07 -1.5496365296e-07 1.4323337942e-06
7.2500000000e-02 -3.6606771038e-07 -1.7810276606e-07 1.5167287762e-06
7.5000000000e-02 -4.1922963887e-07 -2.0374057856e-07 1.6019048467e-06
7.7500000000e-02 -4.7798186962e-07 -2.3205076173e-07 1.6877046034e-06
8.0000000000e-02 -5.4270321483e-07 -2.6321282079e-07 1.7739702200e-06
8.2500000000e-02 -6.1378490630e-07 -2.9741209492e-07 1.8605434786e-06
8.5000000000e-02 -6.9163059541e-07 -3.3483975723e-07 1.9472658005e-06
8.7500000000e-02 -7.7665635306e-07 -3.7569281475e-07 2.0339782725e-06
9.0000000000e-02 -8.6929066977e-07 -4.2017410848e-07 2.1205216716e-06
9.2500000000e-02 -9.6997445560e-07 -4.6849231336e-07 2.2067364870e-06
9.5000000000e-02 -1.0791610402e-06 -5.2086193825e-07 2.2924629395e-06
9.7500000000e-02 -1.1973161727e-06 -5.7750332597e-07 2.3775410000e-06
1.0000000000e-01 -1.3249180220e-06 -6.3864265328e-07 2.4618104049e-06
1.0250000000e-01 -1.4624571764e-06 -7.0451193087e-07 2.5451106710e-06
1.0500000000e-01 -1.6104366437e-06 -7.7534900339e-07 2.6272811083e-06
1.0750000000e-01 -1.7693718515e-06 -8.5139754941e-07 2.7081608320e-06
1.1000000000e-01 -1.9397906469e-06 -9.3290708146e-07 2.7875887727e-06
1.1250000000e-01 -2.1222332963e-06 -1.0201329460e-06 2.8654036861e-06
1.1500000000e-01 -2.3172524861e-06 -1.1133363234e-06 2.9414441614e-06
1.1750000000e-01 -2.5254133219e-06 -1.2127842281e-06 3.0155486291e-06
1.2000000000e-01 -2.7472933292e-06 -1.3187495083e-06 3.0875553676e-06
1.2250000000e-01 -2.9834824527e-06 -1.4315108463e-06 3.1573025093e-06
1.2500000000e-01 -3.2345830570e-06 -1.5513527582e-06 3.2246280461e-06
1.2750000000e-01 -3.5012099260e-06 -1.6785655942e-06 3.2893698342e-06
1.3000000000e-01 -3.7839902634e-06 -1.8134455382e-06 3.3513655981e-06
1.3250000000e-01 -4.0835636923e-06 -1.9562946083e-06 3.4104529343e-06
1.3500000000e-01 -4.4005822555e-06 -2.1074206565e-06 3.4664693148e-06
1.3750000000e-01 -4.7357104152e-06 -2.2671373686e-06 3.5192520892e-06
1.4000000000e-01 -5.0896250534e-06 -2.4357642644e-06 3.5686384872e-06
1.4250000000e-01 -5.4630154715e-06 -2.6136266977e-06 3.6144656204e-06
1.4500000000e-01 -5.8565833905e-06 -2.8010558562e-06 3.6565704836e-06
1.4750000000e-01 -6.2710429509e-06 -2.9983887615e-06 3.6947899556e-06
1.5000000000e-01 -6.7071207129e-06 -3.2059682693e-06 3.7289607997e-06
1.5250000000e-01 -7.1655556562e-06 -3.4241430690e-06 3.7589196639e-06
1.5500000000e-01 -7.6470991802e-06 -3.6532676841e-06 3.7845030802e-06
1.5750000000e-01 -8.1525151036e-06 -3.8937024720e-06 3.8055474640e-06
1.6000000000e-01 -8.6825796649e-06 -4.1458136242e-06 3.8218891125e-06
1.6250000000e-01 -9.2380815221e-06 -4.4099731658e-06 3.8333642028e-06
1.6500000000e-01 -9.8198217526e-06 -4.6865589561e-06 3.8398087894e-06
1.6750000000e-01 -1.0428613854e-05 -4.9759546883e-06 3.8410588007e-06
1.7000000000e-01 -1.1065283742e-05 -5.2785498895e-06 3.8369500355e-06
1.7250000000e-01 -1.1730669754e-05 -5.5947399207e-06 3.8273181575e-06
1.7500000000e-01 -1.2425622645e-05 -5.9249259770e-06 3.8119986897e-06
1.7750000000e-01 -1.3151005591e-05 -6.2695150874e-06 3.7908270069e-06
1.8000000000e-01 -1.3907694187e-05 -6.6289201146e-06 3.7636383274e-06
1.8250000000e-01 -1.4696576447e-05 -7.0035597555e-06 3.7302677017e-06
1.8500000000e-01 -1.5518552805e-05 -7.3938585409e-06 3.6905500004e-06
1.8750000000e-01 -1.6374536115e-05 -7.8002468355e-06 3.6443198976e-06
1.9000000000e-01 -1.7265451651e-05 -8.2231608379e-06 3.5914118521e-06
1.9250000000e-01 -1.8192237104e-05 -8.6630425807e-06 3.5316600828e-06
1.9500000000e-01 -1.9155842588e-05 -9.1203399305e-06 3.4648985379e-06
1.9750000000e-01 -2.0157230635e-05 -9.5955065878e-06 3.3909608557e-06
2.0000000000e-01 -2.1197376195e-05 -1.0089002087e-05 3.3096803125e-06
2.0250000000e-01 -2.2277266641e-05 -1.0601291796e-05 3.2208897546e-06
2.0500000000e-01 -2.3397901762e-05 -1.1132846918e-05 3.1244215031e-06
2.0750000000e-01 -2.4560293769e-05 -1.1684144488e-05 3.0201072200e-06
2.1000000000e-01 -2.5765467292e-05 -1.2255667378e-05 2.9077777103e-06
2.1250000000e-01 -2.7014459379e-05 -1.2847904290e-05 2.7872626138e-06
2.1500000000e-01 -2.8308319501e-05 -1.3461349764e-05 2.6583898919e-06
2.1750000000e-01 -2.9648109545e-05 -1.4096504171e-05 2.5209848847e-06
2.2000000000e-01 -3.1034903820e-05 -1.4753873717e-05 2.3748683158e-06
2.2250000000e-01 -3.2469789053e-05 -1.5433970441e-05 2.2198508688e-06
2.2500000000e-01 -3.3953864391e-05 -1.6137312219e-05 2.0557038783e-06
2.2750000000e-01 -3.5488241402e-05 -1.6864422757e-05 1.8822044155e-06
2.3000000000e-01 -3.7074044070e-05 -1.7615831597e-05 1.6994220299e-06
2.3250000000e-01 -3.8712408804e-05 -1.8392074115e-05 1.5071939017e-06
2.3500000000e-01 -4.0404484427e-05 -1.9193691521e-05 1.3053556979e-06
2.3750000000e-01 -4.2151432185e-05 -2.0021230858e-05 1.0937430350e-06
2.4000000000e-01 -4.3954425743e-05 -2.0875245003e-05 8.7219147876e-07
2.4250000000e-01 -4.5814651184e-05 -2.1756292669e-05 6.4053654462e-07
2.4500000000e-01 -4.7733307013e-05 -2.2664938399e-05 3.9861369760e-07
2.4750000000e-01 -4.9711604153e-05 -2.3601752574e-05 1.4625835239e-07
2.5000000000e-01 -5.1750765946e-05 -2.4567311408e-05 -1.1669412656e-07
2.5250000000e-01 -5.3852028156e-05 -2.5562196946e-05 -3.9040842505e-07
2.5500000000e-01 -5.6016638963e-05 -2.6586997070e-05 -6.7504927912e-07
2.5750000000e-01 -5.8245858971e-05 -2.7642305496e-05 -9.7078147502e-07
2.6000000000e-01 -6.0540961199e-05 -2.8728721771e-05 -1.2777698493e-06
2.6250000000e-01 -6.2903231089e-05 -2.9846851280e-05 -1.5961792887e-06
2.6500000000e-01 -6.5333966501e-05 -3.0997305239e-05 -1.9261747303e-06
2.6750000000e-01 -6.7834477715e-05 -3.2180700699e-05 -2.2679211619e-06
2.7000000000e-01 -7.0406087430e-05 -3.3397660545e-05 -2.6215836213e-06
2.7250000000e-01 -7.3050130766e-05 -3.4648813495e-05 -2.9873271972e-06
2.7500000000e-01 -7.5767955260e-05 -3.5934794103e-05 -3.3653170292e-06
2.7750000000e-01 -7.8560920872e-05 -3.7256242754e-05 -3.7557183073e-06
2.8000000000e-01 -8.1430399978e-05 -3.8613805669e-05 -4.1586962730e-06
2.8250000000e-01 -8.4377777376e-05 -4.0008134903e-05 -4.5744162189e-06
2.8500000000e-01 -8.7404450283e-05 -4.1439888344e-05 -5.0030434889e-06
2.8750000000e-01 -9.0511828335e-05 -4.2909729714e-05 -5.4447434789e-06
2.9000000000e-01 -9.3701333588e-05 -4.4418328571e-05 -5.8996816365e-06
2.9250000000e-01 -9.6974400519e-05 -4.5966360303e-05 -6.3680234617e-06
2.9500000000e-01 -1.0033247602e-04 -4.7554506136e-05 -6.8499345073e-06
2.9750000000e-01 -1.0377701941e-04 -4.9183453127e-05 -7.3455803788e-06
3.0000000000e-01 -1.0730950242e-04 -5.0853894168e-05 -7.8551267354e-06
3.0250000000e-01 -1.1093140920e-04 -5.2566527986e-05 -8.3787392900e-06
3.0500000000e-01 -1.1464423634e-04 -5.4322059141e-05 -8.9165838099e-06
3.0750000000e-01 -1.1844949281e-04 -5.6121198025e-05 -9.4688261177e-06
3.1000000000e-01 -1.2234870004e-04 -5.7964660868e-05 -1.0035632091e-05
3.1250000000e-01 -1.2634339185e-04 -5.9853169731e-05 -1.0617167665e-05
3.1500000000e-01 -1.3043511450e-04 -6.1787452510e-05 -1.1213598830e-05
3.1750000000e-01 -1.3462542666e-04 -6.3768242934e-05 -1.1825091637e-05
3.2000000000e-01 -1.3891589942e-04 -6.5796280566e-05 -1.2451812194e-05
3.2250000000e-01 -1.4330811629e-04 -6.7872310806e-05 -1.3093926669e-05
3.2500000000e-01 -1.4780367320e-04 -6.9997084883e-05 -1.3751601293e-05
3.2750000000e-01 -1.5240417849e-04 -7.2171359864e-05 -1.4425002360e-05
3.3000000000e-01 -1.5711125295e-04 -7.4395898647e-05 -1.5114296227e-05
3.3250000000e-01 -1.6192652975e-04 -7.6671469967e-05 -1.5819649318e-05
3.3500000000e-01 -1.6685165451e-04 -7.8998848390e-05 -1.6541228127e-05
3.3750000000e-01 -1.7188828525e-04 -8.1378814317e-05 -1.7279199217e-05
3.4000000000e-01 -1.7703809243e-04 -8.3812153985e-05 -1.8033729226e-05
3.4250000000e-01 -1.8230275889e-04 -8.6299659461e-05 -1.8804984871e-05
3.4500000000e-01 -1.8768397995e-04 -8.8842128648e-05 -1.9593132947e-05
3.4750000000e-01 -1.9318346329e-04 -9.1440365285e-05 -2.0398340339e-05
3.5000000000e-01 -1.9880292905e-04 -9.4095178941e-05 -2.1220774022e-05
3.5250000000e-01 -2.0454410977e-04 -9.6807385022e-05 -2.2060601070e-05
3.5500000000e-01 -2.1040875041e-04 -9.9577804766e-05 -2.2917988665e-05
3.5750000000e-01 -2.1639860837e-04 -1.0240726525e-04 -2.3793104106e-05
3.6000000000e-01 -2.2251545344e-04 -1.0529659937e-04 -2.4686114826e-05
3.6250000000e-01 -2.2876106784e-04 -1.0824664587e-04 -2.5597188403e-05
3.6500000000e-01 -2.3513724623e-04 -1.1125824934e-04 -2.6526492589e-05
3.6750000000e-01 -2.4164579566e-04 -1.1433226017e-04 -2.7474195335e-05
3.7000000000e-01 -2.4828853561e-04 -1.1746953461e-04 -2.8440464836e-05
3.7250000000e-01 -2.5506729799e-04 -1.2067093473e-04 -2.9425469588e-05
3.7500000000e-01 -2.6198392712e-04 -1.2393732845e-04 -3.0429378476e-05
3.7750000000e-01 -2.6904027974e-04 -1.2726958951e-04 -3.1452360912e-05
3.8000000000e-01 -2.7623822501e-04 -1.3066859749e-04 -3.2494587067e-05
3.8250000000e-01 -2.8357964451e-04 -1.3413523779e-04 -3.3556228303e-05
3.8500000000e-01 -2.9106643223e-04 -1.3767040168e-04 -3.4637458105e-05
3.8750000000e-01 -2.9870049461e-04 -1.4127498622e-04 -3.5738454710e-05
3.9000000000e-01 -3.0648375047e-04 -1.4494989433e-04 -3.6859418757e-05
3.9250000000e-01 -3.1441813108e-04 -1.4869603475e-04 -3.8000522729e-05
3.9500000000e-01 -3.2250558011e-04 -1.5251432208e-04 -3.9161842180e-05
3.9750000000e-01 -3.3074805366e-04 -1.5640567672e-04 -4.0343544206e-05
4.0000000000e-01 -3.3914752025e-04 -1.6037102493e-04 -4.1545795945e-05
4.0250000000e-01 -3.4770596081e-04 -1.6441129879e-04 -4.2768764579e-05
4.0500000000e-01 -3.5642536870e-04 -1.6852743622e-04 -4.4012617335e-05
4.0750000000e-01 -3.6530774970e-04 -1.7272038096e-04 -4.5277521482e-05
4.1000000000e-01 -3.7435512200e-04 -1.7699108261e-04 -4.6563644332e-05
4.1250000000e-01 -3.8356951622e-04 -1.8134049658e-04 -4.7871153244e-05
4.1500000000e-01 -3.9295297539e-04 -1.8576958412e-04 -4.9200215616e-05
4.1750000000e-01 -4.0250755496e-04 -1.9027931233e-04 -5.0550998893e-05
4.2000000000e-01 -4.1223532281e-04 -1.9487065413e-04 -5.1923670561e-05
4.2250000000e-01 -4.2213835923e-04 -1.9954458826e-04 -5.3318398152e-05
4.2500000000e-01 -4.3221875694e-04 -2.0430209933e-04 -5.4735349238e-05
4.2750000000e-01 -4.4247862106e-04 -2.0914417775e-04 -5.6174691440e-05
4.3000000000e-01 -4.5292006915e-04 -2.1407181977e-04 -5.7636592416e-05
4.3250000000e-01 -4.6354523118e-04 -2.1908602750e-04 -5.9121219872e-05
4.3500000000e-01 -4.7435624954e-04 -2.2418780886e-04 -6.0628741556e-05
4.3750000000e-01 -4.8535527904e-04 -2.2937817760e-04 -6.2159325260e-05
4.4000000000e-01 -4.9654448691e-04 -2.3465815331e-04 -6.3713138818e-05
4.4250000000e-01 -5.0792605281e-04 -2.4002876143e-04 -6.5290350109e-05
4.4500000000e-01 -5.1950216879e-04 -2.4549103321e-04 -6.6891127056e-05
4.4750000000e-01 -5.3127503935e-04 -2.5104600576e-04 -6.8515637622e-05
4.5000000000e-01 -5.4324688140e-04 -2.5669472199e-04 -7.0164049818e-05
4.5250000000e-01 -5.5541992426e-04 -2.6243823067e-04 -7.1836531695e-05
4.5500000000e-01 -5.6779640969e-04 -2.6827758640e-04 -7.3533251350e-05
4.5750000000e-01 -5.8037859185e-04 -2.7421384960e-04 -7.5254376920e-05
4.6000000000e-01 -5.9316873732e-04 -2.8024808655e-04 -7.7000076590e-05
4.6250000000e-01 -6.0616912512e-04 -2.8638136934e-04 -7.8770518584e-05
4.6500000000e-01 -6.1938204666e-04 -2.9261477590e-04 -8.0565871172e-05
4.6750000000e-01 -6.3280980580e-04 -2.9894938999e-04 -8.2386302666e-05
4.7000000000e-01 -6.4645471879e-04 -3.0538630123e-04 -8.4231981424e-05
4.7250000000e-01 -6.6031911433e-04 -3.1192660503e-04 -8.6103075844e-05
4.7500000000e-01 -6.7440533352e-04 -3.1857140268e-04 -8.7999754369e-05
4.7750000000e-01 -6.8871572988e-04 -3.2532180127e-04 -8.9922185486e-05
4.8000000000e-01 -7.0325266935e-04 -3.3217891374e-04 -9.1870537724e-05
4.8250000000e-01 -7.1801853030e-04 -3.3914385885e-04 -9.3844979657e-05
4.8500000000e-01 -7.3301570351e-04 -3.4621776122e-04 -9.5845679901e-05
4.8750000000e-01 -7.4824659218e-04 -3.5340175127e-04 -9.7872807115e-05
4.9000000000e-01 -7.6371361193e-04 -3.6069696529e-04 -9.9926530004e-05
4.9250000000e-01 -7.7941919080e-04 -3.6810454537e-04 -1.0200701731e-04
4.9500000000e-01 -7.9536576926e-04 -3.7562563946e-04 -1.0411443783e-04
4.9750000000e-01 -8.1155580019e-04 -3.8326140133e-04 -1.0624896040e-04
5.0000000000e-01 -8.2799174888e-04 -3.9101299059e-04 -1.0841075388e-04
5.0250000000e-01 -8.4467609305e-04 -3.9888157267e-04 -1.1059998721e-04
5.0500000000e-01 -8.6161132284e-04 -4.0686831886e-04 -1.1281682933e-04
5.0750000000e-01 -8.7879994082e-04 -4.1497440625e-04 -1.1506144927e-04
5.1000000000e-01 -8.9624446195e-04 -4.2320101781e-04 -1.1733401608e-04
5.1250000000e-01 -9.1394741364e-04 -4.3154934230e-04 -1.1963469883e-04
5.1500000000e-01 -9.3191133571e-04 -4.4002057433e-04 -1.2196366668e-04
5.1750000000e-01 -9.5013878038e-04 -4.4861591435e-04 -1.2432108879e-04
5.2000000000e-01 -9.6863231232e-04 -4.5733656864e-04 -1.2670713441e-04
5.2250000000e-01 -9.8739450861e-04 -4.6618374930e-04 -1.2912197278e-04
5.2500000000e-01 -1.0064279587e-03 -4.7515867430e-04 -1.3156577322e-04
5.2750000000e-01 -1.0257352646e-03 -4.8426256741e-04 -1.3403870509e-04
5.3000000000e-01 -1.0453190406e-03 -4.9349665823e-04 -1.3654093779e-04
5.3250000000e-01 -1.0651819134e-03 -5.0286218223e-04 -1.3907264074e-04
5.3500000000e-01 -1.0853265222e-03 -5.1236038068e-04 -1.4163398344e-04
5.3750000000e-01 -1.1057555186e-03 -5.2199250071e-04 -1.4422513542e-04
5.4000000000e-01 -1.1264715667e-03 -5.3175979525e-04 -1.4684626623e-04
5.4250000000e-01 -1.1474773428e-03 -5.4166352310e-04 -1.4949754550e-04
5.4500000000e-01 -1.1687755358e-03 -5.5170494888e-04 -1.5217914289e-04
5.4750000000e-01 -1.1903688470e-03 -5.6188534303e-04 -1.5489122808e-04
5.5000000000e-01 -1.2122599900e-03 -5.7220598184e-04 -1.5763397084e-04
5.5250000000e-01 -1.2344516911e-03 -5.8266814743e-04 -1.6040754093e-04
5.5500000000e-01 -1.2569466886e-03 -5.9327312776e-04 -1.6321210820e-04
5.5750000000e-01 -1.2797477336e-03 -6.0402221662e-04 -1.6604784252e-04
5.6000000000e-01 -1.3028575894e-03 -6.1491671362e-04 -1.6891491380e-04
5.6250000000e-01 -1.3262790319e-03 -6.2595792423e-04 -1.7181349200e-04
5.6500000000e-01 -1.3500148492e-03 -6.3714715972e-04 -1.7474374713e-04
5.6750000000e-01 -1.3740678419e-03 -6.4848573724e-04 -1.7770584923e-04
5.7000000000e-01 -1.3984408231e-03 -6.5997497972e-04 -1.8069996840e-04
5.7250000000e-01 -1.4231366183e-03 -6.7161621598e-04 -1.8372627476e-04
5.7500000000e-01 -1.4481580654e-03 -6.8341078062e-04 -1.8678493849e-04
5.7750000000e-01 -1.4735080146e-03 -6.9536001412e-04 -1.8987612982e-04
5.8000000000e-01 -1.4991893287e-03 -7.0746526276e-04 -1.9300001900e-04
5.8250000000e-01 -1.5252048829e-03 -7.1972787867e-04 -1.9615677635e-04
5.8500000000e-01 -1.5515575646e-03 -7.3214921981e-04 -1.9934657220e-04
5.8750000000e-01 -1.5782502739e-03 -7.4473064999e-04 -2.0256957697e-04
5.9000000000e-01 -1.6052859233e-03 -7.5747353882e-04 -2.0582596107e-04
5.9250000000e-01 -1.6326674374e-03 -7.7037926177e-04 -2.0911589499e-04
5.9500000000e-01 -1.6603977536e-03 -7.8344920014e-04 -2.1243954926e-04
5.9750000000e-01 -1.6884798215e-03 -7.9668474106e-04 -2.1579709443e-04
6.0000000000e-01 -1.7169166032e-03 -8.1008727749e-04 -2.1918870113e-04
6.0250000000e-01 -1.7457110732e-03 -8.2365820824e-04 -2.2261454000e-04
6.0500000000e-01 -1.7748662184e-03 -8.3739893794e-04 -2.2607478174e-04
6.0750000000e-01 -1.8043850382e-03 -8.5131087704e-04 -2.2956959708e-04
6.1000000000e-01 -1.8342705443e-03 -8.6539544186e-04 -2.3309915682e-04
6.1250000000e-01 -1.8645257609e-03 -8.7965405453e-04 -2.3666363177e-04
6.1500000000e-01 -1.8951537247e-03 -8.9408814302e-04 -2.4026319281e-04
6.1750000000e-01 -1.9261574845e-03 -9.0869914113e-04 -2.4389801084e-04
6.2000000000e-01 -1.9575401019e-03 -9.2348848849e-04 -2.4756825683e-04
6.2250000000e-01 -1.9893046508e-03 -9.3845763059e-04 -2.5127410177e-04
6.2500000000e-01 -2.0214542173e-03 -9.5360801871e-04 -2.5501571671e-04
6.2750000000e-01 -2.0539919003e-03 -9.6894111000e-04 -2.5879327273e-04
6.3000000000e-01 -2.0869208107e-03 -9.8445836744e-04 -2.6260694096e-04
6.3250000000e-01 -2.1202440723e-03 -1.0001612598e-03 -2.6645689257e-04
6.3500000000e-01 -2.1539648208e-03 -1.0160512618e-03 -2.7034329879e-04
6.3750000000e-01 -2.1880862047e-03 -1.0321298538e-03 -2.7426633085e-04
6.4000000000e-01 -2.2226113848e-03 -1.0483985222e-03 -2.7822616008e-04
6.4250000000e-01 -2.2575435343e-03 -1.0648587592e-03 -2.8222295781e-04
6.4500000000e-01 -2.2928858388e-03 -1.0815120626e-03 -2.8625689543e-04
6.4750000000e-01 -2.3286414964e-03 -1.0983599363e-03 -2.9032814438e-04
6.5000000000e-01 -2.3648137176e-03 -1.1154038899e-03 -2.9443687613e-04
6.5250000000e-01 -2.4014057252e-03 -1.1326454390e-03 -2.9858326220e-04
6.5500000000e-01 -2.4384207546e-03 -1.1500861048e-03 -3.0276747414e-04
6.5750000000e-01 -2.4758620535e-03 -1.1677274145e-03 -3.0698968358e-04
6.6000000000e-01 -2.5137328820e-03 -1.1855709010e-03 -3.1125006214e-04
6.6250000000e-01 -2.5520365128e-03 -1.2036181033e-03 -3.1554878154e-04
6.6500000000e-01 -2.5907762308e-03 -1.2218705658e-03 -3.1988601349e-04
6.6750000000e-01 -2.6299553334e-03 -1.2403298391e-03 -3.2426192978e-04
6.7000000000e-01 -2.6695771304e-03 -1.2589974796e-03 -3.2867670223e-04
6.7250000000e-01 -2.7096449442e-03 -1.2778750493e-03 -3.3313050271e-04
6.7500000000e-01 -2.7501621093e-03 -1.2969641163e-03 -3.3762350311e-04
6.7750000000e-01 -2.7911319729e-03 -1.3162662543e-03 -3.4215587541e-04
6.8000000000e-01 -2.8325578945e-03 -1.3357830430e-03 -3.4672779158e-04
6.8250000000e-01 -2.8744432460e-03 -1.3555160680e-03 -3.5133942366e-04
6.8500000000e-01 -2.9167914117e-03 -1.3754669205e-03 -3.5599094375e-04
6.8750000000e-01 -2.9596057885e-03 -1.3956371976e-03 -3.6068252395e-04
6.9000000000e-01 -3.0028897854e-03 -1.4160285024e-03 -3.6541433645e-04
6.9250000000e-01 -3.0466468241e-03 -1.4366424437e-03 -3.7018655344e-04
6.9500000000e-01 -3.0908803387e-03 -1.4574806361e-03 -3.7499934719e-04
6.9750000000e-01 -3.1355937756e-03 -1.4785447002e-03 -3.7985288999e-04
7.0000000000e-01 -3.1807905936e-03 -1.4998362622e-03 -3.8474735419e-04
7.0250000000e-01 -3.2264742641e-03 -1.5213569543e-03 -3.8968291216e-04
7.0500000000e-01 -3.2726482706e-03 -1.5431084145e-03 -3.9465973633e-04
7.0750000000e-01 -3.3193161095e-03 -1.5650922866e-03 -3.9967799918e-04
7.1000000000e-01 -3.3664812891e-03 -1.5873102203e-03 -4.0473787321e-04
7.1250000000e-01 -3.4141473305e-03 -1.6097638711e-03 -4.0983953099e-04
7.1500000000e-01 -3.4623177671e-03 -1.6324549003e-03 -4.1498314512e-04
7.1750000000e-01 -3.5109961446e-03 -1.6553849750e-03 -4.2016888823e-04
7.2000000000e-01 -3.5601860213e-03 -1.6785557683e-03 -4.2539693302e-04
7.2250000000e-01 -3.6098909678e-03 -1.7019689589e-03 -4.3066745222e-04
7.2500000000e-01 -3.6601145672e-03 -1.7256262316e-03 -4.3598061859e-04
7.2750000000e-01 -3.7108604149e-03 -1.7495292769e-03 -4.4133660496e-04
7.3000000000e-01 -3.7621321189e-03 -1.7736797910e-03 -4.4673558419e-04
7.3250000000e-01 -3.8139332995e-03 -1.7980794761e-03 -4.5217772917e-04
7.3500000000e-01 -3.8662675893e-03 -1.8227300403e-03 -4.5766321286e-04
7.3750000000e-01 -3.9191386337e-03 -1.8476331973e-03 -4.6319220825e-04
7.4000000000e-01 -3.9725500901e-03 -1.8727906669e-03 -4.6876488836e-04
7.4250000000e-01 -4.0265056285e-03 -1.8982041745e-03 -4.7438142628e-04
7.4500000000e-01 -4.0810089315e-03 -1.9238754514e-03 -4.8004199512e-04
7.4750000000e-01 -4.1360636937e-03 -1.9498062349e-03 -4.8574676805e-04
7.5000000000e-01 -4.1916736225e-03 -1.9759982679e-03 -4.9149591827e-04
7.5250000000e-01 -4.2478424375e-03 -2.0024532993e-03 -4.9728961903e-04
7.5500000000e-01 -4.3045738708e-03 -2.0291730837e-03 -5.0312804362e-04
7.5750000000e-01 -4.3618716670e-03 -2.0561593816e-03 -5.0901136539e-04
7.6000000000e-01 -4.4197395830e-03 -2.0834139595e-03 -5.1493975771e-04
7.6250000000e-01 -4.4781813882e-03 -2.1109385893e-03 -5.2091339399e-04
7.6500000000e-01 -4.5372008642e-03 -2.1387350493e-03 -5.2693244772e-04
7.6750000000e-01 -4.5968018053e-03 -2.1668051231e-03 -5.3299709239e-04
7.7000000000e-01 -4.6569880182e-03 -2.1951506005e-03 -5.3910750156e-04
7.7250000000e-01 -4.7177633218e-03 -2.2237732769e-03 -5.4526384882e-04
7.7500000000e-01 -4.7791315476e-03 -2.2526749538e-03 -5.5146630781e-04
7.7750000000e-01 -4.8410965395e-03 -2.2818574382e-03 -5.5771505222e-04
7.8000000000e-01 -4.9036621537e-03 -2.3113225433e-03 -5.6401025577e-04
7.8250000000e-01 -4.9668322591e-03 -2.3410720878e-03 -5.7035209222e-04
7.8500000000e-01 -5.0306107366e-03 -2.3711078964e-03 -5.7674073540e-04
7.8750000000e-01 -5.0950014799e-03 -2.4014317996e-03 -5.8317635915e-04
7.9000000000e-01 -5.1600083949e-03 -2.4320456338e-03 -5.8965913737e-04
7.9250000000e-01 -5.2256354001e-03 -2.4629512411e-03 -5.9618924400e-04
7.9500000000e-01 -5.2918864261e-03 -2.4941504697e-03 -6.0276685304e-04
7.9750000000e-01 -5.3587654164e-03 -2.5256451732e-03 -6.0939213850e-04
8.0000000000e-01 -5.4262763264e-03 -2.5574372114e-03 -6.1606527445e-04
8.0250000000e-01 -5.4944231243e-03 -2.5895284498e-03 -6.2278643503e-04
8.0500000000e-01 -5.5632097905e-03 -2.6219207598e-03 -6.2955579437e-04
8.0750000000e-01 -5.6326403181e-03 -2.6546160185e-03 -6.3637352668e-04
8.1000000000e-01 -5.7027187122e-03 -2.6876161089e-03 -6.4323980621e-04
8.1250000000e-01 -5.7734489906e-03 -2.7209229199e-03 -6.5015480724e-04
8.1500000000e-01 -5.8448351836e-03 -2.7545383463e-03 -6.5711870410e-04
8.1750000000e-01 -5.9168813336e-03 -2.7884642884e-03 -6.6413167118e-04
8.2000000000e-01 -5.9895914957e-03 -2.8227026527e-03 -6.7119388287e-04
8.2250000000e-01 -6.0629697373e-03 -2.8572553513e-03 -6.7830551366e-04
8.2500000000e-01 -6.1370201383e-03 -2.8921243023e-03 -6.8546673803e-04
8.2750000000e-01 -6.2117467910e-03 -2.9273114295e-03 -6.9267773054e-04
8.3000000000e-01 -6.2871537999e-03 -2.9628186626e-03 -6.9993866578e-04
8.3250000000e-01 -6.3632452822e-03 -2.9986479371e-03 -7.0724971838e-04
8.3500000000e-01 -6.4400253675e-03 -3.0348011944e-03 -7.1461106301e-04
8.3750000000e-01 -6.5174981976e-03 -3.0712803817e-03 -7.2202287441e-04
8.4000000000e-01 -6.5956679269e-03 -3.1080874519e-03 -7.2948532732e-04
8.4250000000e-01 -6.6745387223e-03 -3.1452243641e-03 -7.3699859657e-04
8.4500000000e-01 -6.7541147629e-03 -3.1826930827e-03 -7.4456285699e-04
8.4750000000e-01 -6.8344002403e-03 -3.2204955784e-03 -7.5217828348e-04
8.5000000000e-01 -6.9153993586e-03 -3.2586338275e-03 -7.5984505098e-04
8.5250000000e-01 -6.9971163342e-03 -3.2971098123e-03 -7.6756333446e-04
8.5500000000e-01 -7.0795553961e-03 -3.3359255207e-03 -7.7533330896e-04
8.5750000000e-01 -7.1627207854e-03 -3.3750829466e-03 -7.8315514953e-04
8.6000000000e-01 -7.2466167559e-03 -3.4145840897e-03 -7.9102903128e-04
8.6250000000e-01 -7.3312475739e-03 -3.4544309555e-03 -7.9895512938e-04
8.6500000000e-01 -7.4166175177e-03 -3.4946255554e-03 -8.0693361901e-04
8.6750000000e-01 -7.5027308784e-03 -3.5351699066e-03 -8.1496467541e-04
8.7000000000e-01 -7.5895919595e-03 -3.5760660322e-03 -8.2304847386e-04
8.7250000000e-01 -7.6772050766e-03 -3.6173159609e-03 -8.3118518970e-04
8.7500000000e-01 -7.7655745581e-03 -3.6589217275e-03 -8.3937499829e-04
8.7750000000e-01 -7.8547047445e-03 -3.7008853725e-03 -8.4761807504e-04
8.8000000000e-01 -7.9445999891e-03 -3.7432089423e-03 -8.5591459541e-04
8.8250000000e-01 -8.0352646572e-03 -3.7858944891e-03 -8.6426473490e-04
8.8500000000e-01 -8.1267031268e-03 -3.8289440708e-03 -8.7266866904e-04
8.8750000000e-01 -8.2189197882e-03 -3.8723597515e-03 -8.8112657343e-04
8.9000000000e-01 -8.3119190441e-03 -3.9161436008e-03 -8.8963862370e-04
8.9250000000e-01 -8.4057053098e-03 -3.9602976942e-03 -8.9820499550e-04
8.9500000000e-01 -8.5002830128e-03 -4.0048241130e-03 -9.0682586457e-04
8.9750000000e-01 -8.5956565932e-03 -4.0497249446e-03 -9.1550140665e-04
9.0000000000e-01 -8.6918305033e-03 -4.0950022819e-03 -9.2423179755e-04
9.0250000000e-01 -8.7888092080e-03 -4.1406582239e-03 -9.3301721312e-04
9.0500000000e-01 -8.8865971847e-03 -4.1866948751e-03 -9.4185782924e-04
9.0750000000e-01 -8.9851989229e-03 -4.2331143462e-03 -9.5075382184e-04
9.1000000000e-01 -9.0846189248e-03 -4.2799187535e-03 -9.5970536690e-04
9.1250000000e-01 -9.1848617049e-03 -4.3271102192e-03 -9.6871264043e-04
9.1500000000e-01 -9.2859317901e-03 -4.3746908715e-03 -9.7777581850e-04
9.1750000000e-01 -9.3878337199e-03 -4.4226628440e-03 -9.8689507721e-04
9.2000000000e-01 -9.4905720461e-03 -4.4710282767e-03 -9.9607059271e-04
9.2250000000e-01 -9.5941513327e-03 -4.5197893149e-03 -1.0053025412e-03
9.2500000000e-01 -9.6985761565e-03 -4.5689481102e-03 -1.0145910989e-03
9.2750000000e-01 -9.8038511065e-03 -4.6185068196e-03 -1.0239364421e-03
9.3000000000e-01 -9.9099807842e-03 -4.6684676062e-03 -1.0333387471e-03
9.3250000000e-01 -1.0016969803e-02 -4.7188326390e-03 -1.0427981902e-03
9.3500000000e-01 -1.0124822790e-02 -4.7696040926e-03 -1.0523149480e-03
9.3750000000e-01 -1.0233544384e-02 -4.8207841476e-03 -1.0618891968e-03
9.4000000000e-01 -1.0343139235e-02 -4.8723749904e-03 -1.0715211131e-03
9.4250000000e-01 -1.0453612008e-02 -4.9243788131e-03 -1.0812108734e-03
9.4500000000e-01 -1.0564967378e-02 -4.9767978138e-03 -1.0909586545e-03
9.4750000000e-01 -1.0677210034e-02 -5.0296341965e-03 -1.1007646327e-03
9.5000000000e-01 -1.0790344676e-02 -5.0828901708e-03 -1.1106289850e-03
9.5250000000e-01 -1.0904376017e-02 -5.1365679522e-03 -1.1205518878e-03
9.5500000000e-01 -1.1019308785e-02 -5.1906697622e-03 -1.1305335181e-03
9.5750000000e-01 -1.1135147715e-02 -5.2451978280e-03 -1.1405740525e-03
9.6000000000e-01 -1.1251897560e-02 -5.3001543827e-03 -1.1506736680e-03
9.6250000000e-01 -1.1369563082e-02 -5.3555416650e-03 -1.1608325414e-03
9.6500000000e-01 -1.1488149055e-02 -5.4113619198e-03 -1.1710508496e-03
9.6750000000e-01 -1.1607660269e-02 -5.4676173975e-03 -1.1813287697e-03
9.7000000000e-01 -1.1728101523e-02 -5.5243103547e-03 -1.1916664785e-03
9.7250000000e-01 -1.1849477630e-02 -5.5814430534e-03 -1.2020641533e-03
9.7500000000e-01 -1.1971793414e-02 -5.6390177619e-03 -1.2125219710e-03
9.7750000000e-01 -1.2095053714e-02 -5.6970367538e-03 -1.2230401088e-03
9.8000000000e-01 -1.2219263379e-02 -5.7555023091e-03 -1.2336187440e-03
9.8250000000e-01 -1.2344427271e-02 -5.8144167131e-03 -1.2442580537e-03
9.8500000000e-01 -1.2470550265e-02 -5.8737822574e-03 -1.2549582151e-03
9.8750000000e-01 -1.2597637249e-02 -5.9336012392e-03 -1.2657194058e-03
9.9000000000e-01 -1.2725693121e-02 -5.9938759614e-03 -1.2765418028e-03
9.9250000000e-01 -1.2854722794e-02 -6.0546087331e-03 -1.2874255838e-03
9.9500000000e-01 -1.2984731191e-02 -6.1158018688e-03 -1.2983709261e-03
9.9750000000e-01 -1.3115723251e-02 -6.1774576893e-03 -1.3093780072e-03
1.0000000000e+00 -1.3247703922e-02 -6.2395785209e-03 -1.3204470047e-03
1.0025000000e+00 -1.3380678165e-02 -6.3021666958e-03 -1.3315780961e-03
1.0050000000e+00 -1.3514650955e-02 -6.3652245520e-03 -1.3427714590e-03
1.0075000000e+00 -1.3649627279e-02 -6.4287544336e-03 -1.3540272712e-03
1.0100000000e+00 -1.3785612134e-02 -6.4927586901e-03 -1.3653457102e-03
1.0125000000e+00 -1.3922610533e-02 -6.5572396773e-03 -1.3767269539e-03
1.0150000000e+00 -1.4060627499e-02 -6.6221997564e-03 -1.3881711800e-03
1.0175000000e+00 -1.4199668068e-02 -6.6876412947e-03 -1.3996785664e-03
1.0200000000e+00 -1.4339737289e-02 -6.7535666653e-03 -1.4112492910e-03
1.0225000000e+00 -1.4480840223e-02 -6.8199782471e-03 -1.4228835317e-03
1.0250000000e+00 -1.4622981943e-02 -6.8868784247e-03 -1.4345814664e-03
1.0275000000e+00 -1.4766167535e-02 -6.9542695889e-03 -1.4463432731e-03
1.0300000000e+00 -1.4910402098e-02 -7.0221541360e-03 -1.4581691300e-03
1.0325000000e+00 -1.5055690742e-02 -7.0905344681e-03 -1.4700592150e-03
1.0350000000e+00 -1.5202038589e-02 -7.1594129935e-03 -1.4820137064e-03
1.0375000000e+00 -1.5349450776e-02 -7.2287921259e-03 -1.4940327823e-03
1.0400000000e+00 -1.5497932451e-02 -7.2986742852e-03 -1.5061166209e-03
1.0425000000e+00 -1.5647488774e-02 -7.3690618969e-03 -1.5182654006e-03
1.0450000000e+00 -1.5798124917e-02 -7.4399573925e-03 -1.5304792995e-03
1.0475000000e+00 -1.5949846066e-02 -7.5113632090e-03 -1.5427584961e-03
1.0500000000e+00 -1.6102657419e-02 -7.5832817897e-03 -1.5551031688e-03
1.0525000000e+00 -1.6256564185e-02 -7.6557155835e-03 -1.5675134960e-03
1.0550000000e+00 -1.6411571587e-02 -7.7286670450e-03 -1.5799896562e-03
1.0575000000e+00 -1.6567684859e-02 -7.8021386349e-03 -1.5925318278e-03
1.0600000000e+00 -1.6724909250e-02 -7.8761328195e-03 -1.6051401896e-03
1.0625000000e+00 -1.6883250018e-02 -7.9506520712e-03 -1.6178149201e-03
1.0650000000e+00 -1.7042712437e-02 -8.0256988679e-03 -1.6305561979e-03
1.0675000000e+00 -1.7203301789e-02 -8.1012756937e-03 -1.6433642017e-03
1.0700000000e+00 -1.7365023373e-02 -8.1773850382e-03 -1.6562391104e-03
1.0725000000e+00 -1.7527882498e-02 -8.2540293970e-03 -1.6691811026e-03
1.0750000000e+00 -1.7691884485e-02 -8.3312112716e-03 -1.6821903573e-03
1.0775000000e+00 -1.7857034670e-02 -8.4089331691e-03 -1.6952670532e-03
1.0800000000e+00 -1.8023338397e-02 -8.4871976028e-03 -1.7084113693e-03
1.0825000000e+00 -1.8190801027e-02 -8.5660070914e-03 -1.7216234846e-03
1.0850000000e+00 -1.8359427931e-02 -8.6453641597e-03 -1.7349035781e-03
1.0875000000e+00 -1.8529224493e-02 -8.7252713384e-03 -1.7482518287e-03
1.0900000000e+00 -1.8700196109e-02 -8.8057311638e-03 -1.7616684157e-03
1.0925000000e+00 -1.8872348187e-02 -8.8867461782e-03 -1.7751535180e-03
1.0950000000e+00 -1.9045686150e-02 -8.9683189297e-03 -1.7887073150e-03
1.0975000000e+00 -1.9220215431e-02 -9.0504519722e-03 -1.8023299858e-03
1.1000000000e+00 -1.9395941475e-02 -9.1331478654e-03 -1.8160217096e-03
1.1025000000e+00 -1.9572869741e-02 -9.2164091750e-03 -1.8297826659e-03
1.1050000000e+00 -1.9751005700e-02 -9.3002384723e-03 -1.8436130339e-03
1.1075000000e+00 -1.9930354835e-02 -9.3846383346e-03 -1.8575129930e-03
1.1100000000e+00 -2.0110922642e-02 -9.4696113451e-03 -1.8714827226e-03
1.1125000000e+00 -2.0292714629e-02 -9.5551600925e-03 -1.8855224023e-03
1.1150000000e+00 -2.0475736317e-02 -9.6412871717e-03 -1.8996322116e-03
1.1175000000e+00 -2.0659993237e-02 -9.7279951833e-03 -1.9138123300e-03
1.1200000000e+00 -2.0845490937e-02 -9.8152867337e-03 -1.9280629371e-03
1.1225000000e+00 -2.1032234973e-02 -9.9031644352e-03 -1.9423842126e-03
1.1250000000e+00 -2.1220230915e-02 -9.9916309058e-03 -1.9567763362e-03
1.1275000000e+00 -2.1409484347e-02 -1.0080688769e-02 -1.9712394876e-03
1.1300000000e+00 -2.1600000863e-02 -1.0170340656e-02 -1.9857738466e-03
1.1325000000e+00 -2.1791786071e-02 -1.0260589201e-02 -2.0003795930e-03
1.1350000000e+00 -2.1984845590e-02 -1.0351437046e-02 -2.0150569066e-03
1.1375000000e+00 -2.2179185054e-02 -1.0442886838e-02 -2.0298059675e-03
1.1400000000e+00 -2.2374810106e-02 -1.0534941230e-02 -2.0446269556e-03
1.1425000000e+00 -2.2571726404e-02 -1.0627602881e-02 -2.0595200507e-03
1.1450000000e+00 -2.2769939617e-02 -1.0720874456e-02 -2.0744854331e-03
1.1475000000e+00 -2.2969455427e-02 -1.0814758626e-02 -2.0895232827e-03
1.1500000000e+00 -2.3170279529e-02 -1.0909258067e-02 -2.1046337798e-03
1.1525000000e+00 -2.3372417630e-02 -1.1004375461e-02 -2.1198171044e-03
1.1550000000e+00 -2.3575875448e-02 -1.1100113496e-02 -2.1350734368e-03
1.1575000000e+00 -2.3780658716e-02 -1.1196474866e-02 -2.1504029572e-03
1.1600000000e+00 -2.3986773177e-02 -1.1293462272e-02 -2.1658058459e-03
1.1625000000e+00 -2.4194224587e-02 -1.1391078418e-02 -2.1812822834e-03
1.1650000000e+00 -2.4403018717e-02 -1.1489326016e-02 -2.1968324499e-03
1.1675000000e+00 -2.4613161347e-02 -1.1588207783e-02 -2.2124565259e-03
1.1700000000e+00 -2.4824658270e-02 -1.1687726443e-02 -2.2281546918e-03
1.1725000000e+00 -2.5037515294e-02 -1.1787884724e-02 -2.2439271283e-03
1.1750000000e+00 -2.5251738236e-02 -1.1888685361e-02 -2.2597740158e-03
1.1775000000e+00 -2.5467332928e-02 -1.1990131096e-02 -2.2756955349e-03
1.1800000000e+00 -2.5684305213e-02 -1.2092224673e-02 -2.2916918663e-03
1.1825000000e+00 -2.5902660947e-02 -1.2194968845e-02 -2.3077631907e-03
1.1850000000e+00 -2.6122405998e-02 -1.2298366372e-02 -2.3239096889e-03
1.1875000000e+00 -2.6343546247e-02 -1.2402420015e-02 -2.3401315415e-03
1.1900000000e+00 -2.6566087587e-02 -1.2507132546e-02 -2.3564289294e-03
1.1925000000e+00 -2.6790035923e-02 -1.2612506740e-02 -2.3728020335e-03
1.1950000000e+00 -2.7015397173e-02 -1.2718545379e-02 -2.3892510346e-03
1.1975000000e+00 -2.7242177269e-02 -1.2825251248e-02 -2.4057761138e-03
1.2000000000e+00 -2.7470382152e-02 -1.2932627143e-02 -2.4223774520e-03
1.2025000000e+00 -2.7700017777e-02 -1.3040675861e-02 -2.4390552302e-03
1.2050000000e+00 -2.7931090113e-02 -1.3149400208e-02 -2.4558096296e-03
1.2075000000e+00 -2.8163605139e-02 -1.3258802993e-02 -2.4726408312e-03
1.2100000000e+00 -2.8397568848e-02 -1.3368887035e-02 -2.4895490163e-03
1.2125000000e+00 -2.8632987245e-02 -1.3479655154e-02 -2.5065343659e-03
1.2150000000e+00 -2.8869866347e-02 -1.3591110178e-02 -2.5235970614e-03
1.2175000000e+00 -2.9108212184e-02 -1.3703254943e-02 -2.5407372841e-03
1.2200000000e+00 -2.9348030797e-02 -1.3816092287e-02 -2.5579552153e-03
1.2225000000e+00 -2.9589328242e-02 -1.3929625057e-02 -2.5752510364e-03
1.2250000000e+00 -2.9832110585e-02 -1.4043856103e-02 -2.5926249288e-03
1.2275000000e+00 -3.0076383906e-02 -1.4158788283e-02 -2.6100770740e-03
1.2300000000e+00 -3.0322154297e-02 -1.4274424461e-02 -2.6276076534e-03
1.2325000000e+00 -3.0569427861e-02 -1.4390767504e-02 -2.6452168487e-03
1.2350000000e+00 -3.0818210716e-02 -1.4507820288e-02 -2.6629048415e-03
1.2375000000e+00 -3.1068508991e-02 -1.4625585694e-02 -2.6806718133e-03
1.2400000000e+00 -3.1320328826e-02 -1.4744066608e-02 -2.6985179459e-03
1.2425000000e+00 -3.1573676377e-02 -1.4863265921e-02 -2.7164434210e-03
1.2450000000e+00 -3.1828557808e-02 -1.4983186533e-02 -2.7344484203e-03
1.2475000000e+00 -3.2084979300e-02 -1.5103831348e-02 -2.7525331257e-03
1.2500000000e+00 -3.2342947043e-02 -1.5225203274e-02 -2.7706977191e-03
1.2525000000e+00 -3.2602467241e-02 -1.5347305228e-02 -2.7889423822e-03
1.2550000000e+00 -3.2863546110e-02 -1.5470140131e-02 -2.8072672972e-03
1.2575000000e+00 -3.3126189878e-02 -1.5593710911e-02 -2.8256726459e-03
1.2600000000e+00 -3.3390404786e-02 -1.5718020500e-02 -2.8441586104e-03
1.2625000000e+00 -3.3656197087e-02 -1.5843071838e-02 -2.8627253728e-03
1.2650000000e+00 -3.3923573047e-02 -1.5968867869e-02 -2.8813731151e-03
1.2675000000e+00 -3.4192538945e-02 -1.6095411544e-02 -2.9001020196e-03
1.2700000000e+00 -3.4463101070e-02 -1.6222705820e-02 -2.9189122684e-03
1.2725000000e+00 -3.4735265726e-02 -1.6350753658e-02 -2.9378040438e-03
1.2750000000e+00 -3.5009039228e-02 -1.6479558027e-02 -2.9567775281e-03
1.2775000000e+00 -3.5284427903e-02 -1.6609121900e-02 -2.9758329036e-03
1.2800000000e+00 -3.5561438093e-02 -1.6739448259e-02 -2.9949703527e-03
1.2825000000e+00 -3.5840076149e-02 -1.6870540087e-02 -3.0141900578e-03
1.2850000000e+00 -3.6120348437e-02 -1.7002400377e-02 -3.0334922014e-03
1.2875000000e+00 -3.6402261334e-02 -1.7135032126e-02 -3.0528769659e-03
1.2900000000e+00 -3.6685821230e-02 -1.7268438338e-02 -3.0723445339e-03
1.2925000000e+00 -3.6971034527e-02 -1.7402622020e-02 -3.0918950881e-03
1.2950000000e+00 -3.7257907641e-02 -1.7537586188e-02 -3.1115288110e-03
1.2975000000e+00 -3.7546446997e-02 -1.7673333863e-02 -3.1312458853e-03
1.3000000000e+00 -3.7836659036e-02 -1.7809868071e-02 -3.1510464938e-03
1.3025000000e+00 -3.8128550210e-02 -1.7947191844e-02 -3.1709308192e-03
1.3050000000e+00 -3.8422126983e-02 -1.8085308220e-02 -3.1908990443e-03
1.3075000000e+00 -3.8717395832e-02 -1.8224220244e-02 -3.2109513520e-03
1.3100000000e+00 -3.9014363246e-02 -1.8363930965e-02 -3.2310879252e-03
1.3125000000e+00 -3.9313035727e-02 -1.8504443439e-02 -3.2513089468e-03
1.3150000000e+00 -3.9613419789e-02 -1.8645760728e-02 -3.2716145997e-03
1.3175000000e+00 -3.9915521958e-02 -1.8787885897e-02 -3.2920050671e-03
1.3200000000e+00 -4.0219348774e-02 -1.8930822022e-02 -3.3124805319e-03
1.3225000000e+00 -4.0524906787e-02 -1.9074572180e-02 -3.3330411773e-03
1.3250000000e+00 -4.0832202562e-02 -1.9219139457e-02 -3.3536871865e-03
1.3275000000e+00 -4.1141242674e-02 -1.9364526943e-02 -3.3744187426e-03
1.3300000000e+00 -4.1452033712e-02 -1.9510737735e-02 -3.3952360289e-03
1.3325000000e+00 -4.1764582278e-02 -1.9657774935e-02 -3.4161392287e-03
1.3350000000e+00 -4.2078894984e-02 -1.9805641650e-02 -3.4371285253e-03
1.3375000000e+00 -4.2394978457e-02 -1.9954340996e-02 -3.4582041020e-03
1.3400000000e+00 -4.2712839335e-02 -2.0103876092e-02 -3.4793661423e-03
1.3425000000e+00 -4.3032484268e-02 -2.0254250063e-02 -3.5006148296e-03
1.3450000000e+00 -4.3353919920e-02 -2.0405466042e-02 -3.5219503475e-03
1.3475000000e+00 -4.3677152965e-02 -2.0557527164e-02 -3.5433728794e-03
1.3500000000e+00 -4.4002190093e-02 -2.0710436575e-02 -3.5648826091e-03
1.3525000000e+00 -4.4329038004e-02 -2.0864197421e-02 -3.5864797200e-03
1.3550000000e+00 -4.4657703409e-02 -2.1018812859e-02 -3.6081643958e-03
1.3575000000e+00 -4.4988193035e-02 -2.1174286049e-02 -3.6299368204e-03
1.3600000000e+00 -4.5320513619e-02 -2.1330620157e-02 -3.6517971774e-03
1.3625000000e+00 -4.5654671911e-02 -2.1487818356e-02 -3.6737456507e-03
1.3650000000e+00 -4.5990674674e-02 -2.1645883824e-02 -3.6957824240e-03
1.3675000000e+00 -4.6328528682e-02 -2.1804819745e-02 -3.7179076813e-03
1.3700000000e+00 -4.6668240724e-02 -2.1964629308e-02 -3.7401216066e-03
1.3725000000e+00 -4.7009817597e-02 -2.2125315710e-02 -3.7624243837e-03
1.3750000000e+00 -4.7353266116e-02 -2.2286882152e-02 -3.7848161968e-03
1.3775000000e+00 -4.7698593103e-02 -2.2449331841e-02 -3.8072972298e-03
1.3800000000e+00 -4.8045805397e-02 -2.2612667990e-02 -3.8298676669e-03
1.3825000000e+00 -4.8394909846e-02 -2.2776893818e-02 -3.8525276922e-03
1.3850000000e+00 -4.8745913313e-02 -2.2942012551e-02 -3.8752774900e-03
1.3875000000e+00 -4.9098822672e-02 -2.3108027418e-02 -3.8981172444e-03
1.3900000000e+00 -4.9453644809e-02 -2.3274941656e-02 -3.9210471397e-03
1.3925000000e+00 -4.9810386623e-02 -2.3442758509e-02 -3.9440673603e-03
1.3950000000e+00 -5.0169055027e-02 -2.3611481222e-02 -3.9671780905e-03
1.3975000000e+00 -5.0529656943e-02 -2.3781113052e-02 -3.9903795148e-03
1.4000000000e+00 -5.0892199309e-02 -2.3951657257e-02 -4.0136718175e-03
1.4025000000e+00 -5.1256689072e-02 -2.4123117104e-02 -4.0370551832e-03
1.4050000000e+00 -5.1623133195e-02 -2.4295495863e-02 -4.0605297964e-03
1.4075000000e+00 -5.1991538651e-02 -2.4468796812e-02 -4.0840958417e-03
1.4100000000e+00 -5.2361912425e-02 -2.4643023234e-02 -4.1077535038e-03
1.4125000000e+00 -5.2734261517e-02 -2.4818178419e-02 -4.1315029672e-03
1.4150000000e+00 -5.3108592936e-02 -2.4994265660e-02 -4.1553444167e-03
1.4175000000e+00 -5.3484913708e-02 -2.5171288260e-02 -4.1792780371e-03
1.4200000000e+00 -5.3863230866e-02 -2.5349249523e-02 -4.2033040131e-03
1.4225000000e+00 -5.4243551459e-02 -2.5528152763e-02 -4.2274225297e-03
1.4250000000e+00 -5.4625882549e-02 -2.5708001298e-02 -4.2516337716e-03
1.4275000000e+00 -5.5010231207e-02 -2.5888798451e-02 -4.2759379238e-03
1.4300000000e+00 -5.5396604519e-02 -2.6070547553e-02 -4.3003351713e-03
1.4325000000e+00 -5.5785009583e-02 -2.6253251939e-02 -4.3248256990e-03
1.4350000000e+00 -5.6175453509e-02 -2.6436914951e-02 -4.3494096922e-03
1.4375000000e+00 -5.6567943420e-02 -2.6621539936e-02 -4.3740873357e-03
1.4400000000e+00 -5.6962486450e-02 -2.6807130247e-02 -4.3988588149e-03
1.4425000000e+00 -5.7359089748e-02 -2.6993689243e-02 -4.4237243148e-03
1.4450000000e+00 -5.7757760474e-02 -2.7181220290e-02 -4.4486840208e-03
1.4475000000e+00 -5.8158505798e-02 -2.7369726757e-02 -4.4737381180e-03
1.4500000000e+00 -5.8561332907e-02 -2.7559212021e-02 -4.4988867918e-03
1.4525000000e+00 -5.8966248997e-02 -2.7749679465e-02 -4.5241302276e-03
1.4550000000e+00 -5.9373261279e-02 -2.7941132476e-02 -4.5494686107e-03
1.4575000000e+00 -5.9782376973e-02 -2.8133574450e-02 -4.5749021267e-03
1.4600000000e+00 -6.0193603315e-02 -2.8327008784e-02 -4.6004309609e-03
1.4625000000e+00 -6.0606947551e-02 -2.8521438887e-02 -4.6260552990e-03
1.4650000000e+00 -6.1022416940e-02 -2.8716868167e-02 -4.6517753265e-03
1.4675000000e+00 -6.1440018754e-02 -2.8913300044e-02 -4.6775912290e-03
1.4700000000e+00 -6.1859760278e-02 -2.9110737941e-02 -4.7035031922e-03
1.4725000000e+00 -6.2281648807e-02 -2.9309185285e-02 -4.7295114018e-03
1.4750000000e+00 -6.2705691652e-02 -2.9508645513e-02 -4.7556160435e-03
1.4775000000e+00 -6.3131896132e-02 -2.9709122064e-02 -4.7818173032e-03
1.4800000000e+00 -6.3560269582e-02 -2.9910618386e-02 -4.8081153666e-03
1.4825000000e+00 -6.3990819348e-02 -3.0113137931e-02 -4.8345104197e-03
1.4850000000e+00 -6.4423552788e-02 -3.0316684156e-02 -4.8610026484e-03
1.4875000000e+00 -6.4858477274e-02 -3.0521260526e-02 -4.8875922386e-03
1.4900000000e+00 -6.5295600189e-02 -3.0726870511e-02 -4.9142793763e-03
1.4925000000e+00 -6.5734928930e-02 -3.0933517587e-02 -4.9410642477e-03
1.4950000000e+00 -6.6176470903e-02 -3.1141205234e-02 -4.9679470387e-03
1.4975000000e+00 -6.6620233530e-02 -3.1349936940e-02 -4.9949279356e-03
1.5000000000e+00 -6.7066224245e-02 -3.1559716199e-02 -5.0220071245e-03
1.5025000000e+00 -6.7514450492e-02 -3.1770546510e-02 -5.0491847916e-03
1.5050000000e+00 -6.7964919729e-02 -3.1982431377e-02 -5.0764611233e-03
1.5075000000e+00 -6.8417639428e-02 -3.2195374310e-02 -5.1038363057e-03
1.5100000000e+00 -6.8872617070e-02 -3.2409378828e-02 -5.1313105254e-03
1.5125000000e+00 -6.9329860152e-02 -3.2624448451e-02 -5.1588839686e-03
1.5150000000e+00 -6.9789376180e-02 -3.2840586708e-02 -5.1865568218e-03
1.5175000000e+00 -7.0251172674e-02 -3.3057797133e-02 -5.2143292715e-03
1.5200000000e+00 -7.0715257168e-02 -3.3276083267e-02 -5.2422015042e-03
1.5225000000e+00 -7.1181637206e-02 -3.3495448654e-02 -5.2701737066e-03
1.5250000000e+00 -7.1650320346e-02 -3.3715896846e-02 -5.2982460651e-03
1.5275000000e+00 -7.2121314156e-02 -3.3937431400e-02 -5.3264187665e-03
1.5300000000e+00 -7.2594626220e-02 -3.4160055880e-02 -5.3546919975e-03
1.5325000000e+00 -7.3070264132e-02 -3.4383773855e-02 -5.3830659448e-03
1.5350000000e+00 -7.3548235498e-02 -3.4608588900e-02 -5.4115407951e-03
1.5375000000e+00 -7.4028547939e-02 -3.4834504595e-02 -5.4401167355e-03
1.5400000000e+00 -7.4511209087e-02 -3.5061524527e-02 -5.4687939526e-03
1.5425000000e+00 -7.4996226584e-02 -3.5289652287e-02 -5.4975726334e-03
1.5450000000e+00 -7.5483608089e-02 -3.5518891476e-02 -5.5264529649e-03
1.5475000000e+00 -7.5973361270e-02 -3.5749245695e-02 -5.5554351341e-03
1.5500000000e+00 -7.6465493808e-02 -3.5980718556e-02 -5.5845193280e-03
1.5525000000e+00 -7.6960013399e-02 -3.6213313674e-02 -5.6137057338e-03
1.5550000000e+00 -7.7456927747e-02 -3.6447034670e-02 -5.6429945385e-03
1.5575000000e+00 -7.7956244572e-02 -3.6681885172e-02 -5.6723859293e-03
1.5600000000e+00 -7.8457971605e-02 -3.6917868814e-02 -5.7018800935e-03
1.5625000000e+00 -7.8962116590e-02 -3.7154989233e-02 -5.7314772183e-03
1.5650000000e+00 -7.9468687282e-02 -3.7393250075e-02 -5.7611774910e-03
1.5675000000e+00 -7.9977691451e-02 -3.7632654991e-02 -5.7909810990e-03
1.5700000000e+00 -8.0489136876e-02 -3.7873207637e-02 -5.8208882296e-03
1.5725000000e+00 -8.1003031352e-02 -3.8114911676e-02 -5.8508990704e-03
1.5750000000e+00 -8.1519382683e-02 -3.8357770775e-02 -5.8810138087e-03
1.5775000000e+00 -8.2038198689e-02 -3.8601788609e-02 -5.9112326321e-03
1.5800000000e+00 -8.2559487199e-02 -3.8846968858e-02 -5.9415557281e-03
1.5825000000e+00 -8.3083256058e-02 -3.9093315207e-02 -5.9719832845e-03
1.5850000000e+00 -8.3609513119e-02 -3.9340831348e-02 -6.0025154887e-03
1.5875000000e+00 -8.4138266251e-02 -3.9589520979e-02 -6.0331525286e-03
1.5900000000e+00 -8.4669523334e-02 -3.9839387801e-02 -6.0638945919e-03
1.5925000000e+00 -8.5203292260e-02 -4.0090435526e-02 -6.0947418662e-03
1.5950000000e+00 -8.5739580936e-02 -4.0342667866e-02 -6.1256945396e-03
1.5975000000e+00 -8.6278397278e-02 -4.0596088544e-02 -6.1567527998e-03
1.6000000000e+00 -8.6819749216e-02 -4.0850701286e-02 -6.1879168347e-03
1.6025000000e+00 -8.7363644693e-02 -4.1106509823e-02 -6.2191868323e-03
1.6050000000e+00 -8.7910091662e-02 -4.1363517895e-02 -6.2505629807e-03
1.6075000000e+00 -8.8459098093e-02 -4.1621729245e-02 -6.2820454677e-03
1.6100000000e+00 -8.9010671963e-02 -4.1881147623e-02 -6.3136344816e-03
1.6125000000e+00 -8.9564821266e-02 -4.2141776785e-02 -6.3453302104e-03
1.6150000000e+00 -9.0121554004e-02 -4.2403620492e-02 -6.3771328424e-03
1.6175000000e+00 -9.0680878197e-02 -4.2666682513e-02 -6.4090425657e-03
1.6200000000e+00 -9.1242801871e-02 -4.2930966619e-02 -6.4410595686e-03
1.6225000000e+00 -9.1807333070e-02 -4.3196476590e-02 -6.4731840394e-03
1.6250000000e+00 -9.2374479848e-02 -4.3463216211e-02 -6.5054161664e-03
1.6275000000e+00 -9.2944250270e-02 -4.3731189273e-02 -6.5377561381e-03
1.6300000000e+00 -9.3516652416e-02 -4.4000399572e-02 -6.5702041428e-03
1.6325000000e+00 -9.4091694378e-02 -4.4270850910e-02 -6.6027603691e-03
1.6350000000e+00 -9.4669384258e-02 -4.4542547097e-02 -6.6354250054e-03
1.6375000000e+00 -9.5249730174e-02 -4.4815491945e-02 -6.6681982403e-03
1.6400000000e+00 -9.5832740253e-02 -4.5089689275e-02 -6.7010802624e-03
1.6425000000e+00 -9.6418422638e-02 -4.5365142912e-02 -6.7340712604e-03
1.6450000000e+00 -9.7006785480e-02 -4.5641856688e-02 -6.7671714229e-03
1.6475000000e+00 -9.7597836947e-02 -4.5919834441e-02 -6.8003809387e-03
1.6500000000e+00 -9.8191585216e-02 -4.6199080013e-02 -6.8336999966e-03
1.6525000000e+00 -9.8788038479e-02 -4.6479597254e-02 -6.8671287854e-03
1.6550000000e+00 -9.9387204938e-02 -4.6761390019e-02 -6.9006674939e-03
1.6575000000e+00 -9.9989092809e-02 -4.7044462167e-02 -6.9343163110e-03
1.6600000000e+00 -1.0059371032e-01 -4.7328817567e-02 -6.9680754258e-03
1.6625000000e+00 -1.0120106571e-01 -4.7614460090e-02 -7.0019450271e-03
1.6650000000e+00 -1.0181116723e-01 -4.7901393614e-02 -7.0359253041e-03
1.6675000000e+00 -1.0242402316e-01 -4.8189622024e-02 -7.0700164458e-03
1.6700000000e+00 -1.0303964176e-01 -4.8479149209e-02 -7.1042186413e-03
1.6725000000e+00 -1.0365803132e-01 -4.8769979065e-02 -7.1385320798e-03
1.6750000000e+00 -1.0427920015e-01 -4.9062115494e-02 -7.1729569505e-03
1.6775000000e+00 -1.0490315657e-01 -4.9355562403e-02 -7.2074934426e-03
1.6800000000e+00 -1.0552990890e-01 -4.9650323705e-02 -7.2421417456e-03
1.6825000000e+00 -1.0615946548e-01 -4.9946403320e-02 -7.2769020486e-03
1.6850000000e+00 -1.0679183466e-01 -5.0243805172e-02 -7.3117745411e-03
1.6875000000e+00 -1.0742702481e-01 -5.0542533191e-02 -7.3467594124e-03
1.6900000000e+00 -1.0806504430e-01 -5.0842591316e-02 -7.3818568522e-03
1.6925000000e+00 -1.0870590153e-01 -5.1143983487e-02 -7.4170670498e-03
1.6950000000e+00 -1.0934960489e-01 -5.1446713654e-02 -7.4523901949e-03
1.6975000000e+00 -1.0999616280e-01 -5.1750785769e-02 -7.4878264770e-03
1.7000000000e+00 -1.1064558369e-01 -5.2056203794e-02 -7.5233760858e-03
1.7025000000e+00 -1.1129787599e-01 -5.2362971694e-02 -7.5590392109e-03
1.7050000000e+00 -1.1195304817e-01 -5.2671093440e-02 -7.5948160421e-03
1.7075000000e+00 -1.1261110867e-01 -5.2980573010e-02 -7.6307067692e-03
1.7100000000e+00 -1.1327206598e-01 -5.3291414387e-02 -7.6667115820e-03
1.7125000000e+00 -1.1393592859e-01 -5.3603621561e-02 -7.7028306702e-03
1.7150000000e+00 -1.1460270499e-01 -5.3917198525e-02 -7.7390642240e-03
1.7175000000e+00 -1.1527240371e-01 -5.4232149281e-02 -7.7754124331e-03
1.7200000000e+00 -1.1594503326e-01 -5.4548477836e-02 -7.8118754875e-03
1.7225000000e+00 -1.1662060219e-01 -5.4866188201e-02 -7.8484535774e-03
1.7250000000e+00 -1.1729911905e-01 -5.5185284395e-02 -7.8851468927e-03
1.7275000000e+00 -1.1798059239e-01 -5.5505770442e-02 -7.9219556236e-03
1.7300000000e+00 -1.1866503080e-01 -5.5827650372e-02 -7.9588799603e-03
1.7325000000e+00 -1.1935244287e-01 -5.6150928221e-02 -7.9959200929e-03
1.7350000000e+00 -1.2004283719e-01 -5.6475608031e-02 -8.0330762117e-03
1.7375000000e+00 -1.2073622238e-01 -5.6801693848e-02 -8.0703485070e-03
1.7400000000e+00 -1.2143260706e-01 -5.7129189725e-02 -8.1077371691e-03
1.7425000000e+00 -1.2213199987e-01 -5.7458099723e-02 -8.1452423884e-03
1.7450000000e+00 -1.2283440946e-01 -5.7788427906e-02 -8.1828643554e-03
1.7475000000e+00 -1.2353984449e-01 -5.8120178345e-02 -8.2206032604e-03
1.7500000000e+00 -1.2424831365e-01 -5.8453355115e-02 -8.2584592940e-03
1.7525000000e+00 -1.2495982561e-01 -5.8787962301e-02 -8.2964326467e-03
1.7550000000e+00 -1.2567438907e-01 -5.9124003989e-02 -8.3345235092e-03
1.7575000000e+00 -1.2639201275e-01 -5.9461484275e-02 -8.3727320721e-03
1.7600000000e+00 -1.2711270538e-01 -5.9800407257e-02 -8.4110585260e-03
1.7625000000e+00 -1.2783647569e-01 -6.0140777042e-02 -8.4495030616e-03
1.7650000000e+00 -1.2856333243e-01 -6.0482597741e-02 -8.4880658698e-03
1.7675000000e+00 -1.2929328436e-01 -6.0825873472e-02 -8.5267471414e-03
1.7700000000e+00 -1.3002634025e-01 -6.1170608357e-02 -8.5655470671e-03
1.7725000000e+00 -1.3076250890e-01 -6.1516806527e-02 -8.6044658380e-03
1.7750000000e+00 -1.3150179910e-01 -6.1864472115e-02 -8.6435036448e-03
1.7775000000e+00 -1.3224421967e-01 -6.2213609264e-02 -8.6826606787e-03
1.7800000000e+00 -1.3298977942e-01 -6.2564222118e-02 -8.7219371307e-03
1.7825000000e+00 -1.3373848720e-01 -6.2916314831e-02 -8.7613331917e-03
1.7850000000e+00 -1.3449035185e-01 -6.3269891561e-02 -8.8008490530e-03
1.7875000000e+00 -1.3524538224e-01 -6.3624956472e-02 -8.8404849056e-03
1.7900000000e+00 -1.3600358724e-01 -6.3981513734e-02 -8.8802409408e-03
1.7925000000e+00 -1.3676497573e-01 -6.4339567523e-02 -8.9201173499e-03
1.7950000000e+00 -1.3752955662e-01 -6.4699122020e-02 -8.9601143240e-03
1.7975000000e+00 -1.3829733881e-01 -6.5060181412e-02 -9.0002320546e-03
1.8000000000e+00 -1.3906833123e-01 -6.5422749894e-02 -9.0404707329e-03
1.8025000000e+00 -1.3984254281e-01 -6.5786831663e-02 -9.0808305505e-03
1.8050000000e+00 -1.4061998251e-01 -6.6152430926e-02 -9.1213116988e-03
1.8075000000e+00 -1.4140065928e-01 -6.6519551892e-02 -9.1619143692e-03
1.8100000000e+00 -1.4218458209e-01 -6.6888198778e-02 -9.2026387534e-03
1.8125000000e+00 -1.4297175994e-01 -6.7258375808e-02 -9.2434850429e-03
1.8150000000e+00 -1.4376220182e-01 -6.7630087208e-02 -9.2844534293e-03
1.8175000000e+00 -1.4455591674e-01 -6.8003337213e-02 -9.3255441043e-03
1.8200000000e+00 -1.4535291372e-01 -6.8378130063e-02 -9.3667572597e-03
1.8225000000e+00 -1.4615320180e-01 -6.8754470005e-02 -9.4080930871e-03
1.8250000000e+00 -1.4695679003e-01 -6.9132361288e-02 -9.4495517785e-03
1.8275000000e+00 -1.4776368746e-01 -6.9511808171e-02 -9.4911335255e-03
1.8300000000e+00 -1.4857390317e-01 -6.9892814918e-02 -9.5328385203e-03
1.8325000000e+00 -1.4938744625e-01 -7.0275385796e-02 -9.5746669546e-03
1.8350000000e+00 -1.5020432579e-01 -7.0659525082e-02 -9.6166190204e-03
1.8375000000e+00 -1.5102455089e-01 -7.1045237056e-02 -9.6586949098e-03
1.8400000000e+00 -1.5184813069e-01 -7.1432526004e-02 -9.7008948148e-03
1.8425000000e+00 -1.5267507432e-01 -7.1821396218e-02 -9.7432189276e-03
1.8450000000e+00 -1.5350539093e-01 -7.2211851999e-02 -9.7856674403e-03
1.8475000000e+00 -1.5433908966e-01 -7.2603897648e-02 -9.8282405450e-03
1.8500000000e+00 -1.5517617971e-01 -7.2997537476e-02 -9.8709384341e-03
1.8525000000e+00 -1.5601667024e-01 -7.3392775800e-02 -9.9137612997e-03
1.8550000000e+00 -1.5686057046e-01 -7.3789616940e-02 -9.9567093343e-03
1.8575000000e+00 -1.5770788958e-01 -7.4188065224e-02 -9.9997827301e-03
1.8600000000e+00 -1.5855863681e-01 -7.4588124986e-02 -1.0042981680e-02
1.8625000000e+00 -1.5941282140e-01 -7.4989800563e-02 -1.0086306375e-02
1.8650000000e+00 -1.6027045258e-01 -7.5393096303e-02 -1.0129757010e-02
1.8675000000e+00 -1.6113153962e-01 -7.5798016554e-02 -1.0173333775e-02
1.8700000000e+00 -1.6199609179e-01 -7.6204565674e-02 -1.0217036865e-02
1.8725000000e+00 -1.6286411837e-01 -7.6612748025e-02 -1.0260866470e-02
1.8750000000e+00 -1.6373562866e-01 -7.7022567976e-02 -1.0304822785e-02
1.8775000000e+00 -1.6461063197e-01 -7.7434029900e-02 -1.0348906001e-02
1.8800000000e+00 -1.6548913761e-01 -7.7847138177e-02 -1.0393116312e-02
1.8825000000e+00 -1.6637115492e-01 -7.8261897194e-02 -1.0437453911e-02
1.8850000000e+00 -1.6725669325e-01 -7.8678311342e-02 -1.0481918989e-02
1.8875000000e+00 -1.6814576195e-01 -7.9096385018e-02 -1.0526511741e-02
1.8900000000e+00 -1.6903837040e-01 -7.9516122626e-02 -1.0571232359e-02
1.8925000000e+00 -1.6993452798e-01 -7.9937528574e-02 -1.0616081035e-02
1.8950000000e+00 -1.7083424408e-01 -8.0360607278e-02 -1.0661057964e-02
1.8975000000e+00 -1.7173752811e-01 -8.0785363159e-02 -1.0706163337e-02
1.9000000000e+00 -1.7264438949e-01 -8.1211800642e-02 -1.0751397349e-02
1.9025000000e+00 -1.7355483765e-01 -8.1639924161e-02 -1.0796760192e-02
1.9050000000e+00 -1.7446888205e-01 -8.2069738154e-02 -1.0842252059e-02
1.9075000000e+00 -1.7538653213e-01 -8.2501247065e-02 -1.0887873144e-02
1.9100000000e+00 -1.7630779737e-01 -8.2934455343e-02 -1.0933623640e-02
1.9125000000e+00 -1.7723268725e-01 -8.3369367445e-02 -1.0979503740e-02
1.9150000000e+00 -1.7816121126e-01 -8.3805987833e-02 -1.1025513638e-02
1.9175000000e+00 -1.7909337891e-01 -8.4244320973e-02 -1.1071653527e-02
1.9200000000e+00 -1.8002919973e-01 -8.4684371339e-02 -1.1117923601e-02
1.9225000000e+00 -1.8096868323e-01 -8.5126143410e-02 -1.1164324052e-02
1.9250000000e+00 -1.8191183897e-01 -8.5569641672e-02 -1.1210855076e-02
1.9275000000e+00 -1.8285867651e-01 -8.6014870614e-02 -1.1257516864e-02
1.9300000000e+00 -1.8380920541e-01 -8.6461834734e-02 -1.1304309610e-02
1.9325000000e+00 -1.8476343526e-01 -8.6910538533e-02 -1.1351233510e-02
1.9350000000e+00 -1.8572137564e-01 -8.7360986521e-02 -1.1398288755e-02
1.9375000000e+00 -1.8668303617e-01 -8.7813183211e-02 -1.1445475540e-02
1.9400000000e+00 -1.8764842647e-01 -8.8267133123e-02 -1.1492794059e-02
1.9425000000e+00 -1.8861755616e-01 -8.8722840784e-02 -1.1540244505e-02
1.9450000000e+00 -1.8959043489e-01 -8.9180310724e-02 -1.1587827073e-02
1.9475000000e+00 -1.9056707231e-01 -8.9639547482e-02 -1.1635541956e-02
1.9500000000e+00 -1.9154747811e-01 -9.0100555600e-02 -1.1683389348e-02
1.9525000000e+00 -1.9253166194e-01 -9.0563339627e-02 -1.1731369443e-02
1.9550000000e+00 -1.9351963352e-01 -9.1027904119e-02 -1.1779482436e-02
1.9575000000e+00 -1.9451140254e-01 -9.1494253637e-02 -1.1827728520e-02
1.9600000000e+00 -1.9550697873e-01 -9.1962392746e-02 -1.1876107890e-02
1.9625000000e+00 -1.9650637181e-01 -9.2432326020e-02 -1.1924620739e-02
1.9650000000e+00 -1.9750959152e-01 -9.2904058037e-02 -1.1973267262e-02
1.9675000000e+00 -1.9851664763e-01 -9.3377593380e-02 -1.2022047654e-02
1.9700000000e+00 -1.9952754990e-01 -9.3852936640e-02 -1.2070962108e-02
1.9725000000e+00 -2.0054230812e-01 -9.4330092413e-02 -1.2120010819e-02
1.9750000000e+00 -2.0156093206e-01 -9.4809065301e-02 -1.2169193981e-02
1.9775000000e+00 -2.0258343155e-01 -9.5289859910e-02 -1.2218511789e-02
1.9800000000e+00 -2.0360981639e-01 -9.5772480854e-02 -1.2267964437e-02
1.9825000000e+00 -2.0464009643e-01 -9.6256932752e-02 -1.2317552120e-02
1.9850000000e+00 -2.0567428149e-01 -9.6743220229e-02 -1.2367275032e-02
1.9875000000e+00 -2.0671238143e-01 -9.7231347916e-02 -1.2417133369e-02
1.9900000000e+00 -2.0775440613e-01 -9.7721320450e-02 -1.2467127323e-02
1.9925000000e+00 -2.0880036546e-01 -9.8213142473e-02 -1.2517257091e-02
1.9950000000e+00 -2.0985026931e-01 -9.8706818633e-02 -1.2567522867e-02
1.9975000000e+00 -2.1090412760e-01 -9.9202353585e-02 -1.2617924846e-02
2.0000000000e+00 -2.1196195023e-01 -9.9699751988e-02 -1.2668463223e-02
2.0025000000e+00 -2.1302374713e-01 -1.0019901851e-01 -1.2719138192e-02
2.0050000000e+00 -2.1408952825e-01 -1.0070015782e-01 -1.2769949948e-02
2.0075000000e+00 -2.1515930354e-01 -1.0120317459e-01 -1.2820898687e-02
2.0100000000e+00 -2.1623308297e-01 -1.0170807352e-01 -1.2871984604e-02
2.0125000000e+00 -2.1731087652e-01 -1.0221485928e-01 -1.2923207892e-02
2.0150000000e+00 -2.1839269418e-01 -1.0272353658e-01 -1.2974568749e-02
2.0175000000e+00 -2.1947854595e-01 -1.0323411012e-01 -1.3026067368e-02
2.0200000000e+00 -2.2056844185e-01 -1.0374658459e-01 -1.3077703945e-02
2.0225000000e+00 -2.2166239191e-01 -1.0426096472e-01 -1.3129478674e-02
2.0250000000e+00 -2.2276040616e-01 -1.0477725522e-01 -1.3181391753e-02
2.0275000000e+00 -2.2386249467e-01 -1.0529546081e-01 -1.3233443375e-02
2.0300000000e+00 -2.2496866750e-01 -1.0581558624e-01 -1.3285633736e-02
2.0325000000e+00 -2.2607893473e-01 -1.0633763622e-01 -1.3337963031e-02
2.0350000000e+00 -2.2719330644e-01 -1.0686161551e-01 -1.3390431456e-02
2.0375000000e+00 -2.2831179275e-01 -1.0738752885e-01 -1.3443039207e-02
2.0400000000e+00 -2.2943440376e-01 -1.0791538099e-01 -1.3495786478e-02
2.0425000000e+00 -2.3056114961e-01 -1.0844517670e-01 -1.3548673466e-02
2.0450000000e+00 -2.3169204044e-01 -1.0897692073e-01 -1.3601700366e-02
2.0475000000e+00 -2.3282708639e-01 -1.0951061787e-01 -1.3654867373e-02
2.0500000000e+00 -2.3396629765e-01 -1.1004627288e-01 -1.3708174684e-02
2.0525000000e+00 -2.3510968437e-01 -1.1058389055e-01 -1.3761622494e-02
2.0550000000e+00 -2.3625725675e-01 -1.1112347566e-01 -1.3815210999e-02
2.0575000000e+00 -2.3740902500e-01 -1.1166503302e-01 -1.3868940394e-02
2.0600000000e+00 -2.3856499934e-01 -1.1220856742e-01 -1.3922810876e-02
2.0625000000e+00 -2.3972518998e-01 -1.1275408367e-01 -1.3976822641e-02
2.0650000000e+00 -2.4088960717e-01 -1.1330158657e-01 -1.4030975884e-02
2.0675000000e+00 -2.4205826115e-01 -1.1385108095e-01 -1.4085270801e-02
2.0700000000e+00 -2.4323116221e-01 -1.1440257163e-01 -1.4139707589e-02
2.0725000000e+00 -2.4440832061e-01 -1.1495606344e-01 -1.4194286444e-02
2.0750000000e+00 -2.4558974663e-01 -1.1551156121e-01 -1.4249007561e-02
2.0775000000e+00 -2.4677545060e-01 -1.1606906978e-01 -1.4303871137e-02
2.0800000000e+00 -2.4796544281e-01 -1.1662859401e-01 -1.4358877368e-02
2.0825000000e+00 -2.4915973360e-01 -1.1719013874e-01 -1.4414026451e-02
2.0850000000e+00 -2.5035833330e-01 -1.1775370883e-01 -1.4469318581e-02
2.0875000000e+00 -2.5156125227e-01 -1.1831930914e-01 -1.4524753955e-02
2.0900000000e+00 -2.5276850087e-01 -1.1888694456e-01 -1.4580332770e-02
2.0925000000e+00 -2.5398008947e-01 -1.1945661994e-01 -1.4636055222e-02
2.0950000000e+00 -2.5519602848e-01 -1.2002834018e-01 -1.4691921506e-02
2.0975000000e+00 -2.5641632828e-01 -1.2060211016e-01 -1.4747931821e-02
2.1000000000e+00 -2.5764099929e-01 -1.2117793477e-01 -1.4804086362e-02
2.1025000000e+00 -2.5887005194e-01 -1.2175581892e-01 -1.4860385326e-02
2.1050000000e+00 -2.6010349667e-01 -1.2233576750e-01 -1.4916828909e-02
2.1075000000e+00 -2.6134134392e-01 -1.2291778544e-01 -1.4973417309e-02
2.1100000000e+00 -2.6258360417e-01 -1.2350187764e-01 -1.5030150722e-02
2.1125000000e+00 -2.6383028788e-01 -1.2408804902e-01 -1.5087029345e-02
2.1150000000e+00 -2.6508140555e-01 -1.2467630453e-01 -1.5144053374e-02
2.1175000000e+00 -2.6633696767e-01 -1.2526664908e-01 -1.5201223007e-02
2.1200000000e+00 -2.6759698476e-01 -1.2585908763e-01 -1.5258538440e-02
2.1225000000e+00 -2.6886146735e-01 -1.2645362511e-01 -1.5315999871e-02
2.1250000000e+00 -2.7013042597e-01 -1.2705026649e-01 -1.5373607496e-02
2.1275000000e+00 -2.7140387117e-01 -1.2764901670e-01 -1.5431361513e-02
2.1300000000e+00 -2.7268181352e-01 -1.2824988073e-01 -1.5489262118e-02
2.1325000000e+00 -2.7396426359e-01 -1.2885286353e-01 -1.5547309508e-02
2.1350000000e+00 -2.7525123197e-01 -1.2945797009e-01 -1.5605503882e-02
2.1375000000e+00 -2.7654272926e-01 -1.3006520538e-01 -1.5663845435e-02
2.1400000000e+00 -2.7783876607e-01 -1.3067457440e-01 -1.5722334366e-02
2.1425000000e+00 -2.7913935303e-01 -1.3128608212e-01 -1.5780970871e-02
2.1450000000e+00 -2.8044450077e-01 -1.3189973356e-01 -1.5839755148e-02
2.1475000000e+00 -2.8175421995e-01 -1.3251553372e-01 -1.5898687394e-02
2.1500000000e+00 -2.8306852122e-01 -1.3313348760e-01 -1.5957767807e-02
2.1525000000e+00 -2.8438741526e-01 -1.3375360022e-01 -1.6016996584e-02
2.1550000000e+00 -2.8571091276e-01 -1.3437587661e-01 -1.6076373923e-02
2.1575000000e+00 -2.8703902442e-01 -1.3500032178e-01 -1.6135900021e-02
2.1600000000e+00 -2.8837176095e-01 -1.3562694078e-01 -1.6195575076e-02
2.1625000000e+00 -2.8970913307e-01 -1.3625573865e-01 -1.6255399285e-02
2.1650000000e+00 -2.9105115152e-01 -1.3688672042e-01 -1.6315372846e-02
2.1675000000e+00 -2.9239782705e-01 -1.3751989115e-01 -1.6375495958e-02
2.1700000000e+00 -2.9374917042e-01 -1.3815525590e-01 -1.6435768817e-02
2.1725000000e+00 -2.9510519241e-01 -1.3879281973e-01 -1.6496191621e-02
2.1750000000e+00 -2.9646590379e-01 -1.3943258770e-01 -1.6556764569e-02
2.1775000000e+00 -2.9783131538e-01 -1.4007456489e-01 -1.6617487858e-02
2.1800000000e+00 -2.9920143798e-01 -1.4071875639e-01 -1.6678361686e-02
2.1825000000e+00 -3.0057628241e-01 -1.4136516727e-01 -1.6739386251e-02
2.1850000000e+00 -3.0195585952e-01 -1.4201380263e-01 -1.6800561752e-02
2.1875000000e+00 -3.0334018014e-01 -1.4266466757e-01 -1.6861888386e-02
2.1900000000e+00 -3.0472925515e-01 -1.4331776719e-01 -1.6923366351e-02
2.1925000000e+00 -3.0612309541e-01 -1.4397310659e-01 -1.6984995846e-02
2.1950000000e+00 -3.0752171181e-01 -1.4463069090e-01 -1.7046777068e-02
2.1975000000e+00 -3.0892511524e-01 -1.4529052524e-01 -1.7108710217e-02
2.2000000000e+00 -3.1033331663e-01 -1.4595261472e-01 -1.7170795489e-02
2.2025000000e+00 -3.1174632688e-01 -1.4661696449e-01 -1.7233033085e-02
2.2050000000e+00 -3.1316415695e-01 -1.4728357968e-01 -1.7295423201e-02
2.2075000000e+00 -3.1458681777e-01 -1.4795246544e-01 -1.7357966037e-02
2.2100000000e+00 -3.1601432030e-01 -1.4862362691e-01 -1.7420661791e-02
2.2125000000e+00 -3.1744667552e-01 -1.4929706926e-01 -1.7483510661e-02
2.2150000000e+00 -3.1888389442e-01 -1.4997279763e-01 -1.7546512846e-02
2.2175000000e+00 -3.2032598798e-01 -1.5065081722e-01 -1.7609668545e-02
2.2200000000e+00 -3.2177296723e-01 -1.5133113317e-01 -1.7672977956e-02
2.2225000000e+00 -3.2322484318e-01 -1.5201375068e-01 -1.7736441277e-02
2.2250000000e+00 -3.2468162686e-01 -1.5269867493e-01 -1.7800058709e-02
2.2275000000e+00 -3.2614332933e-01 -1.5338591111e-01 -1.7863830448e-02
2.2300000000e+00 -3.2760996165e-01 -1.5407546441e-01 -1.7927756695e-02
2.2325000000e+00 -3.2908153488e-01 -1.5476734004e-01 -1.7991837648e-02
2.2350000000e+00 -3.3055806011e-01 -1.5546154322e-01 -1.8056073506e-02
2.2375000000e+00 -3.3203954844e-01 -1.5615807914e-01 -1.8120464467e-02
2.2400000000e+00 -3.3352601098e-01 -1.5685695303e-01 -1.8185010732e-02
2.2425000000e+00 -3.3501745885e-01 -1.5755817012e-01 -1.8249712498e-02
2.2450000000e+00 -3.3651390318e-01 -1.5826173565e-01 -1.8314569965e-02
2.2475000000e+00 -3.3801535512e-01 -1.5896765483e-01 -1.8379583333e-02
2.2500000000e+00 -3.3952182583e-01 -1.5967593293e-01 -1.8444752799e-02
2.2525000000e+00 -3.4103332648e-01 -1.6038657519e-01 -1.8510078564e-02
2.2550000000e+00 -3.4254986825e-01 -1.6109958686e-01 -1.8575560827e-02
2.2575000000e+00 -3.4407146234e-01 -1.6181497321e-01 -1.8641199786e-02
2.2600000000e+00 -3.4559811997e-01 -1.6253273950e-01 -1.8706995642e-02
2.2625000000e+00 -3.4712985234e-01 -1.6325289100e-01 -1.8772948593e-02
2.2650000000e+00 -3.4866667069e-01 -1.6397543299e-01 -1.8839058840e-02
2.2675000000e+00 -3.5020858628e-01 -1.6470037077e-01 -1.8905326581e-02
2.2700000000e+00 -3.5175561035e-01 -1.6542770961e-01 -1.8971752016e-02
2.2725000000e+00 -3.5330775419e-01 -1.6615745481e-01 -1.9038335344e-02
2.2750000000e+00 -3.5486502906e-01 -1.6688961168e-01 -1.9105076766e-02
2.2775000000e+00 -3.5642744627e-01 -1.6762418552e-01 -1.9171976480e-02
2.2800000000e+00 -3.5799501713e-01 -1.6836118164e-01 -1.9239034687e-02
2.2825000000e+00 -3.5956775295e-01 -1.6910060537e-01 -1.9306251586e-02
2.2850000000e+00 -3.6114566507e-01 -1.6984246203e-01 -1.9373627377e-02
2.2875000000e+00 -3.6272876484e-01 -1.7058675695e-01 -1.9441162260e-02
2.2900000000e+00 -3.6431706360e-01 -1.7133349547e-01 -1.9508856434e-02
2.2925000000e+00 -3.6591057274e-01 -1.7208268293e-01 -1.9576710100e-02
2.2950000000e+00 -3.6750930363e-01 -1.7283432467e-01 -1.9644723457e-02
2.2975000000e+00 -3.6911326768e-01 -1.7358842606e-01 -1.9712896706e-02
2.3000000000e+00 -3.7072247628e-01 -1.7434499245e-01 -1.9781230046e-02
2.3025000000e+00 -3.7233694085e-01 -1.7510402921e-01 -1.9849723678e-02
2.3050000000e+00 -3.7395667284e-01 -1.7586554171e-01 -1.9918377801e-02
2.3075000000e+00 -3.7558168368e-01 -1.7662953533e-01 -1.9987192615e-02
2.3100000000e+00 -3.7721198483e-01 -1.7739601545e-01 -2.0056168322e-02
2.3125000000e+00 -3.7884758775e-01 -1.7816498746e-01 -2.0125305121e-02
2.3150000000e+00 -3.8048850395e-01 -1.7893645675e-01 -2.0194603213e-02
2.3175000000e+00 -3.8213474489e-01 -1.7971042873e-01 -2.0264062797e-02
2.3200000000e+00 -3.8378632210e-01 -1.8048690881e-01 -2.0333684074e-02
2.3225000000e+00 -3.8544324710e-01 -1.8126590238e-01 -2.0403467245e-02
2.3250000000e+00 -3.8710553140e-01 -1.8204741489e-01 -2.0473412510e-02
2.3275000000e+00 -3.8877318657e-01 -1.8283145174e-01 -2.0543520069e-02
2.3300000000e+00 -3.9044622415e-01 -1.8361801837e-01 -2.0613790124e-02
2.3325000000e+00 -3.9212465571e-01 -1.8440712021e-01 -2.0684222874e-02
2.3350000000e+00 -3.9380849283e-01 -1.8519876271e-01 -2.0754818520e-02
2.3375000000e+00 -3.9549774712e-01 -1.8599295131e-01 -2.0825577263e-02
2.3400000000e+00 -3.9719243017e-01 -1.8678969147e-01 -2.0896499304e-02
2.3425000000e+00 -3.9889255360e-01 -1.8758898864e-01 -2.0967584843e-02
2.3450000000e+00 -4.0059812904e-01 -1.8839084830e-01 -2.1038834082e-02
2.3475000000e+00 -4.0230916814e-01 -1.8919527591e-01 -2.1110247220e-02
2.3500000000e+00 -4.0402568255e-01 -1.9000227694e-01 -2.1181824460e-02
2.3525000000e+00 -4.0574768395e-01 -1.9081185689e-01 -2.1253566001e-02
2.3550000000e+00 -4.0747518401e-01 -1.9162402124e-01 -2.1325472045e-02
2.3575000000e+00 -4.0920819442e-01 -1.9243877548e-01 -2.1397542793e-02
2.3600000000e+00 -4.1094672689e-01 -1.9325612511e-01 -2.1469778446e-02
2.3625000000e+00 -4.1269079314e-01 -1.9407607565e-01 -2.1542179204e-02
2.3650000000e+00 -4.1444040489e-01 -1.9489863259e-01 -2.1614745270e-02
2.3675000000e+00 -4.1619557390e-01 -1.9572380147e-01 -2.1687476845e-02
2.3700000000e+00 -4.1795631191e-01 -1.9655158779e-01 -2.1760374129e-02
2.3725000000e+00 -4.1972263070e-01 -1.9738199710e-01 -2.1833437323e-02
2.3750000000e+00 -4.2149454204e-01 -1.9821503493e-01 -2.1906666630e-02
2.3775000000e+00 -4.2327205773e-01 -1.9905070681e-01 -2.1980062251e-02
2.3800000000e+00 -4.2505518957e-01 -1.9988901830e-01 -2.2053624386e-02
2.3825000000e+00 -4.2684394937e-01 -2.0072997494e-01 -2.2127353238e-02
2.3850000000e+00 -4.2863834898e-01 -2.0157358230e-01 -2.2201249007e-02
2.3875000000e+00 -4.3043840022e-01 -2.0241984594e-01 -2.2275311896e-02
2.3900000000e+00 -4.3224411496e-01 -2.0326877143e-01 -2.2349542106e-02
2.3925000000e+00 -4.3405550506e-01 -2.0412036434e-01 -2.2423939839e-02
2.3950000000e+00 -4.3587258240e-01 -2.0497463026e-01 -2.2498505296e-02
2.3975000000e+00 -4.3769535887e-01 -2.0583157478e-01 -2.2573238678e-02
2.4000000000e+00 -4.3952384638e-01 -2.0669120348e-01 -2.2648140189e-02
2.4025000000e+00 -4.4135805684e-01 -2.0755352197e-01 -2.2723210029e-02
2.4050000000e+00 -4.4319800218e-01 -2.0841853586e-01 -2.2798448401e-02
2.4075000000e+00 -4.4504369435e-01 -2.0928625075e-01 -2.2873855505e-02
2.4100000000e+00 -4.4689514529e-01 -2.1015667225e-01 -2.2949431545e-02
2.4125000000e+00 -4.4875236698e-01 -2.1102980600e-01 -2.3025176722e-02
2.4150000000e+00 -4.5061537139e-01 -2.1190565763e-01 -2.3101091238e-02
2.4175000000e+00 -4.5248417051e-01 -2.1278423275e-01 -2.3177175296e-02
2.4200000000e+00 -4.5435877635e-01 -2.1366553702e-01 -2.3253429096e-02
2.4225000000e+00 -4.5623920092e-01 -2.1454957609e-01 -2.3329852842e-02
2.4250000000e+00 -4.5812545626e-01 -2.1543635560e-01 -2.3406446736e-02
2.4275000000e+00 -4.6001755439e-01 -2.1632588120e-01 -2.3483210980e-02
2.4300000000e+00 -4.6191550738e-01 -2.1721815857e-01 -2.3560145775e-02
2.4325000000e+00 -4.6381932730e-01 -2.1811319338e-01 -2.3637251326e-02
2.4350000000e+00 -4.6572902621e-01 -2.1901099129e-01 -2.3714527832e-02
2.4375000000e+00 -4.6764461621e-01 -2.1991155799e-01 -2.3791975498e-02
2.4400000000e+00 -4.6956610940e-01 -2.2081489917e-01 -2.3869594526e-02
2.4425000000e+00 -4.7149351790e-01 -2.2172102052e-01 -2.3947385118e-02
2.4450000000e+00 -4.7342685383e-01 -2.2262992774e-01 -2.4025347477e-02
2.4475000000e+00 -4.7536612935e-01 -2.2354162652e-01 -2.4103481804e-02
2.4500000000e+00 -4.7731135658e-01 -2.2445612259e-01 -2.4181788304e-02
2.4525000000e+00 -4.7926254772e-01 -2.2537342165e-01 -2.4260267178e-02
2.4550000000e+00 -4.8121971492e-01 -2.2629352944e-01 -2.4338918629e-02
2.4575000000e+00 -4.8318287038e-01 -2.2721645167e-01 -2.4417742860e-02
2.4600000000e+00 -4.8515202630e-01 -2.2814219408e-01 -2.4496740074e-02
2.4625000000e+00 -4.8712719491e-01 -2.2907076240e-01 -2.4575910474e-02
2.4650000000e+00 -4.8910838841e-01 -2.3000216240e-01 -2.4655254262e-02
2.4675000000e+00 -4.9109561906e-01 -2.3093639981e-01 -2.4734771641e-02
2.4700000000e+00 -4.9308889911e-01 -2.3187348039e-01 -2.4814462815e-02
2.4725000000e+00 -4.9508824081e-01 -2.3281340990e-01 -2.4894327986e-02
2.4750000000e+00 -4.9709365645e-01 -2.3375619412e-01 -2.4974367357e-02
2.4775000000e+00 -4.9910515832e-01 -2.3470183882e-01 -2.5054581132e-02
2.4800000000e+00 -5.0112275872e-01 -2.3565034977e-01 -2.5134969513e-02
2.4825000000e+00 -5.0314646995e-01 -2.3660173277e-01 -2.5215532704e-02
2.4850000000e+00 -5.0517630436e-01 -2.3755599360e-01 -2.5296270908e-02
2.4875000000e+00 -5.0721227427e-01 -2.3851313807e-01 -2.5377184329e-02
2.4900000000e+00 -5.0925439204e-01 -2.3947317197e-01 -2.5458273169e-02
2.4925000000e+00 -5.1130267003e-01 -2.4043610111e-01 -2.5539537632e-02
2.4950000000e+00 -5.1335712062e-01 -2.4140193132e-01 -2.5620977921e-02
2.4975000000e+00 -5.1541775619e-01 -2.4237066841e-01 -2.5702594240e-02
2.5000000000e+00 -5.1748458916e-01 -2.4334231820e-01 -2.5784386793e-02
